FoamFile
{
    version     2.0;
    format      ascii;
    class       vectorField;
    location    "constant/polyMesh";
    object      points;
}

393
(
( -0.175 -0.175 -0.05 )
( 1.0875 -0.175 -0.05 )
( 1.0875 1.0875 -0.05 )
( -0.175 1.0875 -0.05 )
( -0.175 -0.175 1.2125 )
( 1.0875 -0.175 1.2125 )
( 1.0875 1.0875 1.2125 )
( -0.175 1.0875 1.2125 )
( 2.35 -0.175 -0.05 )
( 2.35 1.0875 -0.05 )
( 2.35 -0.175 1.2125 )
( 2.35 1.0875 1.2125 )
( 1.0875 2.35 -0.05 )
( -0.175 2.35 -0.05 )
( 1.0875 2.35 1.2125 )
( -0.175 2.35 1.2125 )
( 2.35 2.35 -0.05 )
( 2.35 2.35 1.2125 )
( -0.175 -0.175 2.475 )
( 1.0875 -0.175 2.475 )
( 1.0875 1.0875 2.475 )
( -0.175 1.0875 2.475 )
( 2.35 -0.175 2.475 )
( 2.35 1.0875 2.475 )
( 1.0875 2.35 2.475 )
( -0.175 2.35 2.475 )
( 2.35 2.35 2.475 )
( 4.875 -0.175 -0.05 )
( 4.875 2.35 -0.05 )
( 4.875 -0.175 2.475 )
( 4.875 2.35 2.475 )
( 2.35 4.875 -0.05 )
( -0.175 4.875 -0.05 )
( 2.35 4.875 2.475 )
( -0.175 4.875 2.475 )
( 4.875 4.875 -0.05 )
( 4.875 4.875 2.475 )
( -0.175 -0.175 5 )
( 2.35 -0.175 5 )
( 2.35 2.35 5 )
( -0.175 2.35 5 )
( 4.875 -0.175 5 )
( 4.875 2.35 5 )
( 2.35 4.875 5 )
( -0.175 4.875 5 )
( 4.875 4.875 5 )
( 6.1375 -0.175 -0.05 )
( 6.1375 1.0875 -0.05 )
( 4.875 1.0875 -0.05 )
( 4.875 -0.175 1.2125 )
( 6.1375 -0.175 1.2125 )
( 6.1375 1.0875 1.2125 )
( 4.875 1.0875 1.2125 )
( 7.4 -0.175 -0.05 )
( 7.4 1.0875 -0.05 )
( 7.4 -0.175 1.2125 )
( 7.4 1.0875 1.2125 )
( 6.1375 2.35 -0.05 )
( 6.1375 2.35 1.2125 )
( 4.875 2.35 1.2125 )
( 7.4 2.35 -0.05 )
( 7.4 2.35 1.2125 )
( 6.1375 -0.175 2.475 )
( 6.1375 1.0875 2.475 )
( 4.875 1.0875 2.475 )
( 7.4 -0.175 2.475 )
( 7.4 1.0875 2.475 )
( 6.1375 2.35 2.475 )
( 7.4 2.35 2.475 )
( 8.6625 -0.175 -0.05 )
( 8.6625 1.0875 -0.05 )
( 8.6625 -0.175 1.2125 )
( 8.6625 1.0875 1.2125 )
( 9.925 -0.175 -0.05 )
( 9.925 1.0875 -0.05 )
( 9.925 -0.175 1.2125 )
( 9.925 1.0875 1.2125 )
( 8.6625 2.35 -0.05 )
( 8.6625 2.35 1.2125 )
( 9.925 2.35 -0.05 )
( 9.925 2.35 1.2125 )
( 8.6625 -0.175 2.475 )
( 8.6625 1.0875 2.475 )
( 9.925 -0.175 2.475 )
( 9.925 1.0875 2.475 )
( 8.6625 2.35 2.475 )
( 9.925 2.35 2.475 )
( 6.1375 3.6125 -0.05 )
( 4.875 3.6125 -0.05 )
( 6.1375 3.6125 1.2125 )
( 4.875 3.6125 1.2125 )
( 7.4 3.6125 -0.05 )
( 7.4 3.6125 1.2125 )
( 6.1375 4.875 -0.05 )
( 6.1375 4.875 1.2125 )
( 4.875 4.875 1.2125 )
( 7.4 4.875 -0.05 )
( 7.4 4.875 1.2125 )
( 6.1375 3.6125 2.475 )
( 4.875 3.6125 2.475 )
( 7.4 3.6125 2.475 )
( 6.1375 4.875 2.475 )
( 7.4 4.875 2.475 )
( 8.6625 3.6125 -0.05 )
( 8.6625 3.6125 1.2125 )
( 9.925 3.6125 -0.05 )
( 9.925 3.6125 1.2125 )
( 8.6625 4.875 -0.05 )
( 8.6625 4.875 1.2125 )
( 9.925 4.875 -0.05 )
( 9.925 4.875 1.2125 )
( 8.6625 3.6125 2.475 )
( 9.925 3.6125 2.475 )
( 8.6625 4.875 2.475 )
( 9.925 4.875 2.475 )
( 7.4 -0.175 5 )
( 7.4 2.35 5 )
( 9.925 -0.175 5 )
( 9.925 2.35 5 )
( 7.4 4.875 5 )
( 9.925 4.875 5 )
( 1.0875 4.875 -0.05 )
( 1.0875 6.1375 -0.05 )
( -0.175 6.1375 -0.05 )
( -0.175 4.875 1.2125 )
( 1.0875 4.875 1.2125 )
( 1.0875 6.1375 1.2125 )
( -0.175 6.1375 1.2125 )
( 2.35 6.1375 -0.05 )
( 2.35 4.875 1.2125 )
( 2.35 6.1375 1.2125 )
( 1.0875 7.4 -0.05 )
( -0.175 7.4 -0.05 )
( 1.0875 7.4 1.2125 )
( -0.175 7.4 1.2125 )
( 2.35 7.4 -0.05 )
( 2.35 7.4 1.2125 )
( 1.0875 4.875 2.475 )
( 1.0875 6.1375 2.475 )
( -0.175 6.1375 2.475 )
( 2.35 6.1375 2.475 )
( 1.0875 7.4 2.475 )
( -0.175 7.4 2.475 )
( 2.35 7.4 2.475 )
( 3.6125 4.875 -0.05 )
( 3.6125 6.1375 -0.05 )
( 3.6125 4.875 1.2125 )
( 3.6125 6.1375 1.2125 )
( 4.875 6.1375 -0.05 )
( 4.875 6.1375 1.2125 )
( 3.6125 7.4 -0.05 )
( 3.6125 7.4 1.2125 )
( 4.875 7.4 -0.05 )
( 4.875 7.4 1.2125 )
( 3.6125 4.875 2.475 )
( 3.6125 6.1375 2.475 )
( 4.875 6.1375 2.475 )
( 3.6125 7.4 2.475 )
( 4.875 7.4 2.475 )
( 1.0875 8.6625 -0.05 )
( -0.175 8.6625 -0.05 )
( 1.0875 8.6625 1.2125 )
( -0.175 8.6625 1.2125 )
( 2.35 8.6625 -0.05 )
( 2.35 8.6625 1.2125 )
( 1.0875 9.925 -0.05 )
( -0.175 9.925 -0.05 )
( 1.0875 9.925 1.2125 )
( -0.175 9.925 1.2125 )
( 2.35 9.925 -0.05 )
( 2.35 9.925 1.2125 )
( 1.0875 8.6625 2.475 )
( -0.175 8.6625 2.475 )
( 2.35 8.6625 2.475 )
( 1.0875 9.925 2.475 )
( -0.175 9.925 2.475 )
( 2.35 9.925 2.475 )
( 3.6125 8.6625 -0.05 )
( 3.6125 8.6625 1.2125 )
( 4.875 8.6625 -0.05 )
( 4.875 8.6625 1.2125 )
( 3.6125 9.925 -0.05 )
( 3.6125 9.925 1.2125 )
( 4.875 9.925 -0.05 )
( 4.875 9.925 1.2125 )
( 3.6125 8.6625 2.475 )
( 4.875 8.6625 2.475 )
( 3.6125 9.925 2.475 )
( 4.875 9.925 2.475 )
( 2.35 7.4 5 )
( -0.175 7.4 5 )
( 4.875 7.4 5 )
( 2.35 9.925 5 )
( -0.175 9.925 5 )
( 4.875 9.925 5 )
( 7.4 7.4 -0.05 )
( 7.4 7.4 2.475 )
( 8.6625 6.1375 -0.05 )
( 7.4 6.1375 -0.05 )
( 8.6625 6.1375 1.2125 )
( 7.4 6.1375 1.2125 )
( 9.925 6.1375 -0.05 )
( 9.925 6.1375 1.2125 )
( 8.6625 7.4 -0.05 )
( 8.6625 7.4 1.2125 )
( 7.4 7.4 1.2125 )
( 9.925 7.4 -0.05 )
( 9.925 7.4 1.2125 )
( 8.6625 6.1375 2.475 )
( 7.4 6.1375 2.475 )
( 9.925 6.1375 2.475 )
( 8.6625 7.4 2.475 )
( 9.925 7.4 2.475 )
( 6.1375 7.4 -0.05 )
( 6.1375 8.6625 -0.05 )
( 6.1375 7.4 1.2125 )
( 6.1375 8.6625 1.2125 )
( 7.4 8.6625 -0.05 )
( 7.4 8.6625 1.2125 )
( 6.1375 9.925 -0.05 )
( 6.1375 9.925 1.2125 )
( 7.4 9.925 -0.05 )
( 7.4 9.925 1.2125 )
( 6.1375 7.4 2.475 )
( 6.1375 8.6625 2.475 )
( 7.4 8.6625 2.475 )
( 6.1375 9.925 2.475 )
( 7.4 9.925 2.475 )
( 8.6625 8.6625 -0.05 )
( 8.6625 8.6625 1.2125 )
( 9.925 8.6625 -0.05 )
( 9.925 8.6625 1.2125 )
( 8.6625 9.925 -0.05 )
( 8.6625 9.925 1.2125 )
( 9.925 9.925 -0.05 )
( 9.925 9.925 1.2125 )
( 8.6625 8.6625 2.475 )
( 9.925 8.6625 2.475 )
( 8.6625 9.925 2.475 )
( 9.925 9.925 2.475 )
( 7.4 7.4 5 )
( 9.925 7.4 5 )
( 7.4 9.925 5 )
( 7.4 7.4 3.7375 )
( 8.6625 7.4 3.7375 )
( 8.6625 8.6625 3.7375 )
( 7.4 8.6625 3.7375 )
( 9.925 7.4 3.7375 )
( 9.925 8.6625 3.7375 )
( 8.6625 9.925 3.7375 )
( 7.4 9.925 3.7375 )
( 9.925 9.925 3.7375 )
( 8.6625 7.4 5 )
( 8.6625 8.6625 5 )
( 7.4 8.6625 5 )
( 9.925 8.6625 5 )
( 8.6625 9.925 5 )
( 9.925 9.925 5 )
( -0.175 -0.175 7.525 )
( 2.35 -0.175 7.525 )
( 2.35 2.35 7.525 )
( -0.175 2.35 7.525 )
( 4.875 -0.175 7.525 )
( 4.875 2.35 7.525 )
( 2.35 4.875 7.525 )
( -0.175 4.875 7.525 )
( 4.875 4.875 7.525 )
( 1.0875 -0.175 7.525 )
( 1.0875 1.0875 7.525 )
( -0.175 1.0875 7.525 )
( -0.175 -0.175 8.7875 )
( 1.0875 -0.175 8.7875 )
( 1.0875 1.0875 8.7875 )
( -0.175 1.0875 8.7875 )
( 2.35 1.0875 7.525 )
( 2.35 -0.175 8.7875 )
( 2.35 1.0875 8.7875 )
( 1.0875 2.35 7.525 )
( 1.0875 2.35 8.7875 )
( -0.175 2.35 8.7875 )
( 2.35 2.35 8.7875 )
( -0.175 -0.175 10.05 )
( 1.0875 -0.175 10.05 )
( 1.0875 1.0875 10.05 )
( -0.175 1.0875 10.05 )
( 2.35 -0.175 10.05 )
( 2.35 1.0875 10.05 )
( 1.0875 2.35 10.05 )
( -0.175 2.35 10.05 )
( 2.35 2.35 10.05 )
( 4.875 -0.175 10.05 )
( 4.875 2.35 10.05 )
( 2.35 4.875 10.05 )
( -0.175 4.875 10.05 )
( 4.875 4.875 10.05 )
( 7.4 -0.175 7.525 )
( 7.4 2.35 7.525 )
( 9.925 -0.175 7.525 )
( 9.925 2.35 7.525 )
( 7.4 4.875 7.525 )
( 9.925 4.875 7.525 )
( 7.4 -0.175 10.05 )
( 7.4 2.35 10.05 )
( 8.6625 -0.175 7.525 )
( 8.6625 1.0875 7.525 )
( 7.4 1.0875 7.525 )
( 7.4 -0.175 8.7875 )
( 8.6625 -0.175 8.7875 )
( 8.6625 1.0875 8.7875 )
( 7.4 1.0875 8.7875 )
( 9.925 1.0875 7.525 )
( 9.925 -0.175 8.7875 )
( 9.925 1.0875 8.7875 )
( 8.6625 2.35 7.525 )
( 8.6625 2.35 8.7875 )
( 7.4 2.35 8.7875 )
( 9.925 2.35 8.7875 )
( 8.6625 -0.175 10.05 )
( 8.6625 1.0875 10.05 )
( 7.4 1.0875 10.05 )
( 9.925 -0.175 10.05 )
( 9.925 1.0875 10.05 )
( 8.6625 2.35 10.05 )
( 9.925 2.35 10.05 )
( 7.4 4.875 10.05 )
( 9.925 4.875 10.05 )
( 2.35 7.4 7.525 )
( -0.175 7.4 7.525 )
( 4.875 7.4 7.525 )
( 2.35 9.925 7.525 )
( -0.175 9.925 7.525 )
( 4.875 9.925 7.525 )
( 2.35 7.4 10.05 )
( -0.175 7.4 10.05 )
( 4.875 7.4 10.05 )
( 1.0875 7.4 7.525 )
( 1.0875 8.6625 7.525 )
( -0.175 8.6625 7.525 )
( -0.175 7.4 8.7875 )
( 1.0875 7.4 8.7875 )
( 1.0875 8.6625 8.7875 )
( -0.175 8.6625 8.7875 )
( 2.35 8.6625 7.525 )
( 2.35 7.4 8.7875 )
( 2.35 8.6625 8.7875 )
( 1.0875 9.925 7.525 )
( 1.0875 9.925 8.7875 )
( -0.175 9.925 8.7875 )
( 2.35 9.925 8.7875 )
( 1.0875 7.4 10.05 )
( 1.0875 8.6625 10.05 )
( -0.175 8.6625 10.05 )
( 2.35 8.6625 10.05 )
( 1.0875 9.925 10.05 )
( -0.175 9.925 10.05 )
( 2.35 9.925 10.05 )
( 4.875 9.925 10.05 )
( 7.4 7.4 7.525 )
( 9.925 7.4 7.525 )
( 7.4 9.925 7.525 )
( 7.4 7.4 6.2625 )
( 8.6625 7.4 6.2625 )
( 8.6625 8.6625 6.2625 )
( 7.4 8.6625 6.2625 )
( 9.925 7.4 6.2625 )
( 9.925 8.6625 6.2625 )
( 8.6625 9.925 6.2625 )
( 7.4 9.925 6.2625 )
( 9.925 9.925 6.2625 )
( 8.6625 7.4 7.525 )
( 8.6625 8.6625 7.525 )
( 7.4 8.6625 7.525 )
( 9.925 8.6625 7.525 )
( 8.6625 9.925 7.525 )
( 9.925 9.925 7.525 )
( 7.4 7.4 10.05 )
( 9.925 7.4 10.05 )
( 7.4 9.925 10.05 )
( 7.4 7.4 8.7875 )
( 8.6625 7.4 8.7875 )
( 8.6625 8.6625 8.7875 )
( 7.4 8.6625 8.7875 )
( 9.925 7.4 8.7875 )
( 9.925 8.6625 8.7875 )
( 8.6625 9.925 8.7875 )
( 7.4 9.925 8.7875 )
( 9.925 9.925 8.7875 )
( 8.6625 7.4 10.05 )
( 8.6625 8.6625 10.05 )
( 7.4 8.6625 10.05 )
( 9.925 8.6625 10.05 )
( 8.6625 9.925 10.05 )
( 9.925 9.925 10.05 )
)
