id numOfFPts numOfFEdges numOfFFaces mshPtsIndxList mshFaces-nid mshFaces-PtsIndxList
0 0 0 0 [0,0,0,0,0,0,0,0,] [unAssigned,unAssigned,unAssigned,unAssigned,unAssigned,unAssigned,] [-1,-1,-1,-1,|-1,-1,-1,-1,|-1,-1,-1,-1,|-1,-1,-1,-1,|-1,-1,-1,-1,|-1,-1,-1,-1,|]
0-0 0 0 0 [0,0,0,0,0,0,0,0,] [unAssigned,unAssigned,unAssigned,unAssigned,unAssigned,unAssigned,] [-1,-1,-1,-1,|-1,-1,-1,-1,|-1,-1,-1,-1,|-1,-1,-1,-1,|-1,-1,-1,-1,|-1,-1,-1,-1,|]
0-0-0 0 0 0 [0,0,0,0,0,0,0,0,] [unAssigned,unAssigned,unAssigned,unAssigned,unAssigned,unAssigned,] [-1,-1,-1,-1,|-1,-1,-1,-1,|-1,-1,-1,-1,|-1,-1,-1,-1,|-1,-1,-1,-1,|-1,-1,-1,-1,|]
0-0-0-0 1 3 904 [0,1,2,3,4,5,6,7,] [node-0-0-0-0->face-0,node-0-0-0-0->face-1,node-0-0-0-0->face-2,node-0-0-0-0->face-3,node-0-0-0-0->face-4,node-0-0-0-0->face-5,] [0,1,5,4,|1,2,6,5,|2,3,7,6,|0,4,7,3,|5,6,7,4,|1,0,3,2,|]
0-0-0-1 2 3 904 [1,8,9,2,5,10,11,6,] [node-0-0-0-1->face-0,node-0-0-0-1->face-1,node-0-0-0-1->face-2,node-0-0-0-1->face-3,node-0-0-0-1->face-4,node-0-0-0-1->face-5,] [1,8,10,5,|8,9,11,10,|9,2,6,11,|1,5,6,2,|10,11,6,5,|8,1,2,9,|]
0-0-0-2 2 3 904 [3,2,12,13,7,6,14,15,] [node-0-0-0-2->face-0,node-0-0-0-2->face-1,node-0-0-0-2->face-2,node-0-0-0-2->face-3,node-0-0-0-2->face-4,node-0-0-0-2->face-5,] [3,2,6,7,|2,12,14,6,|12,13,15,14,|3,7,15,13,|6,14,15,7,|2,3,13,12,|]
0-0-0-3 0 0 904 [2,9,16,12,6,11,17,14,] [node-0-0-0-3->face-0,node-0-0-0-3->face-1,node-0-0-0-3->face-2,node-0-0-0-3->face-3,node-0-0-0-3->face-4,node-0-0-0-3->face-5,] [2,9,11,6,|9,16,17,11,|16,12,14,17,|2,6,14,12,|11,17,14,6,|9,2,12,16,|]
0-0-0-4 1 2 904 [4,5,6,7,18,19,20,21,] [node-0-0-0-4->face-0,node-0-0-0-4->face-1,node-0-0-0-4->face-2,node-0-0-0-4->face-3,node-0-0-0-4->face-4,node-0-0-0-4->face-5,] [4,5,19,18,|5,6,20,19,|6,7,21,20,|4,18,21,7,|19,20,21,18,|5,4,7,6,|]
0-0-0-5 0 0 904 [5,10,11,6,19,22,23,20,] [node-0-0-0-5->face-0,node-0-0-0-5->face-1,node-0-0-0-5->face-2,node-0-0-0-5->face-3,node-0-0-0-5->face-4,node-0-0-0-5->face-5,] [5,10,22,19,|10,11,23,22,|11,6,20,23,|5,19,20,6,|22,23,20,19,|10,5,6,11,|]
0-0-0-6 0 0 904 [7,6,14,15,21,20,24,25,] [node-0-0-0-6->face-0,node-0-0-0-6->face-1,node-0-0-0-6->face-2,node-0-0-0-6->face-3,node-0-0-0-6->face-4,node-0-0-0-6->face-5,] [7,6,20,21,|6,14,24,20,|14,15,25,24,|7,21,25,15,|20,24,25,21,|6,7,15,14,|]
0-0-0-7 0 0 904 [6,11,17,14,20,23,26,24,] [node-0-0-0-7->face-0,node-0-0-0-7->face-1,node-0-0-0-7->face-2,node-0-0-0-7->face-3,node-0-0-0-7->face-4,node-0-0-0-7->face-5,] [6,11,23,20,|11,17,26,23,|17,14,24,26,|6,20,24,14,|23,26,24,20,|11,6,14,17,|]
0-0-1 2 3 904 [8,27,28,16,22,29,30,26,] [node-0-0-1->face-0,node-0-0-1->face-1,node-0-0-1->face-2,node-0-0-1->face-3,node-0-0-1->face-4,node-0-0-1->face-5,] [8,27,29,22,|27,28,30,29,|28,16,26,30,|8,22,26,16,|29,30,26,22,|27,8,16,28,|]
0-0-2 2 3 904 [13,16,31,32,25,26,33,34,] [node-0-0-2->face-0,node-0-0-2->face-1,node-0-0-2->face-2,node-0-0-2->face-3,node-0-0-2->face-4,node-0-0-2->face-5,] [13,16,26,25,|16,31,33,26,|31,32,34,33,|13,25,34,32,|26,33,34,25,|16,13,32,31,|]
0-0-3 2 4 904 [16,28,35,31,26,30,36,33,] [node-0-0-3->face-0,node-0-0-3->face-1,node-0-0-3->face-2,node-0-0-3->face-3,node-0-0-3->face-4,node-0-0-3->face-5,] [16,28,30,26,|28,35,36,30,|35,31,33,36,|16,26,33,31,|30,36,33,26,|28,16,31,35,|]
0-0-4 2 3 904 [18,22,26,25,37,38,39,40,] [node-0-0-4->face-0,node-0-0-4->face-1,node-0-0-4->face-2,node-0-0-4->face-3,node-0-0-4->face-4,node-0-0-4->face-5,] [18,22,38,37,|22,26,39,38,|26,25,40,39,|18,37,40,25,|38,39,40,37,|22,18,25,26,|]
0-0-5 0 0 904 [22,29,30,26,38,41,42,39,] [node-0-0-5->face-0,node-0-0-5->face-1,node-0-0-5->face-2,node-0-0-5->face-3,node-0-0-5->face-4,node-0-0-5->face-5,] [22,29,41,38,|29,30,42,41,|30,26,39,42,|22,38,39,26,|41,42,39,38,|29,22,26,30,|]
0-0-6 0 0 904 [25,26,33,34,40,39,43,44,] [node-0-0-6->face-0,node-0-0-6->face-1,node-0-0-6->face-2,node-0-0-6->face-3,node-0-0-6->face-4,node-0-0-6->face-5,] [25,26,39,40,|26,33,43,39,|33,34,44,43,|25,40,44,34,|39,43,44,40,|26,25,34,33,|]
0-0-7 2 3 904 [26,30,36,33,39,42,45,43,] [node-0-0-7->face-0,node-0-0-7->face-1,node-0-0-7->face-2,node-0-0-7->face-3,node-0-0-7->face-4,node-0-0-7->face-5,] [26,30,42,39,|30,36,45,42,|36,33,43,45,|26,39,43,33,|42,45,43,39,|30,26,33,36,|]
0-1 0 0 0 [0,0,0,0,0,0,0,0,] [unAssigned,unAssigned,unAssigned,unAssigned,unAssigned,unAssigned,] [-1,-1,-1,-1,|-1,-1,-1,-1,|-1,-1,-1,-1,|-1,-1,-1,-1,|-1,-1,-1,-1,|-1,-1,-1,-1,|]
0-1-0 0 0 0 [0,0,0,0,0,0,0,0,] [unAssigned,unAssigned,unAssigned,unAssigned,unAssigned,unAssigned,] [-1,-1,-1,-1,|-1,-1,-1,-1,|-1,-1,-1,-1,|-1,-1,-1,-1,|-1,-1,-1,-1,|-1,-1,-1,-1,|]
0-1-0-0 2 3 904 [27,46,47,48,49,50,51,52,] [node-0-1-0-0->face-0,node-0-1-0-0->face-1,node-0-1-0-0->face-2,node-0-1-0-0->face-3,node-0-1-0-0->face-4,node-0-1-0-0->face-5,] [27,46,50,49,|46,47,51,50,|47,48,52,51,|27,49,52,48,|50,51,52,49,|46,27,48,47,|]
0-1-0-1 1 2 904 [46,53,54,47,50,55,56,51,] [node-0-1-0-1->face-0,node-0-1-0-1->face-1,node-0-1-0-1->face-2,node-0-1-0-1->face-3,node-0-1-0-1->face-4,node-0-1-0-1->face-5,] [46,53,55,50,|53,54,56,55,|54,47,51,56,|46,50,51,47,|55,56,51,50,|53,46,47,54,|]
0-1-0-2 0 0 904 [48,47,57,28,52,51,58,59,] [node-0-1-0-2->face-0,node-0-1-0-2->face-1,node-0-1-0-2->face-2,node-0-1-0-2->face-3,node-0-1-0-2->face-4,node-0-1-0-2->face-5,] [48,47,51,52,|47,57,58,51,|57,28,59,58,|48,52,59,28,|51,58,59,52,|47,48,28,57,|]
0-1-0-3 0 0 904 [47,54,60,57,51,56,61,58,] [node-0-1-0-3->face-0,node-0-1-0-3->face-1,node-0-1-0-3->face-2,node-0-1-0-3->face-3,node-0-1-0-3->face-4,node-0-1-0-3->face-5,] [47,54,56,51,|54,60,61,56,|60,57,58,61,|47,51,58,57,|56,61,58,51,|54,47,57,60,|]
0-1-0-4 0 0 904 [49,50,51,52,29,62,63,64,] [node-0-1-0-4->face-0,node-0-1-0-4->face-1,node-0-1-0-4->face-2,node-0-1-0-4->face-3,node-0-1-0-4->face-4,node-0-1-0-4->face-5,] [49,50,62,29,|50,51,63,62,|51,52,64,63,|49,29,64,52,|62,63,64,29,|50,49,52,51,|]
0-1-0-5 0 0 904 [50,55,56,51,62,65,66,63,] [node-0-1-0-5->face-0,node-0-1-0-5->face-1,node-0-1-0-5->face-2,node-0-1-0-5->face-3,node-0-1-0-5->face-4,node-0-1-0-5->face-5,] [50,55,65,62,|55,56,66,65,|56,51,63,66,|50,62,63,51,|65,66,63,62,|55,50,51,56,|]
0-1-0-6 0 0 904 [52,51,58,59,64,63,67,30,] [node-0-1-0-6->face-0,node-0-1-0-6->face-1,node-0-1-0-6->face-2,node-0-1-0-6->face-3,node-0-1-0-6->face-4,node-0-1-0-6->face-5,] [52,51,63,64,|51,58,67,63,|58,59,30,67,|52,64,30,59,|63,67,30,64,|51,52,59,58,|]
0-1-0-7 0 0 904 [51,56,61,58,63,66,68,67,] [node-0-1-0-7->face-0,node-0-1-0-7->face-1,node-0-1-0-7->face-2,node-0-1-0-7->face-3,node-0-1-0-7->face-4,node-0-1-0-7->face-5,] [51,56,66,63,|56,61,68,66,|61,58,67,68,|51,63,67,58,|66,68,67,63,|56,51,58,61,|]
0-1-1 0 0 0 [0,0,0,0,0,0,0,0,] [unAssigned,unAssigned,unAssigned,unAssigned,unAssigned,unAssigned,] [-1,-1,-1,-1,|-1,-1,-1,-1,|-1,-1,-1,-1,|-1,-1,-1,-1,|-1,-1,-1,-1,|-1,-1,-1,-1,|]
0-1-1-0 1 2 904 [53,69,70,54,55,71,72,56,] [node-0-1-1-0->face-0,node-0-1-1-0->face-1,node-0-1-1-0->face-2,node-0-1-1-0->face-3,node-0-1-1-0->face-4,node-0-1-1-0->face-5,] [53,69,71,55,|69,70,72,71,|70,54,56,72,|53,55,56,54,|71,72,56,55,|69,53,54,70,|]
0-1-1-1 2 4 904 [69,73,74,70,71,75,76,72,] [node-0-1-1-1->face-0,node-0-1-1-1->face-1,node-0-1-1-1->face-2,node-0-1-1-1->face-3,node-0-1-1-1->face-4,node-0-1-1-1->face-5,] [69,73,75,71,|73,74,76,75,|74,70,72,76,|69,71,72,70,|75,76,72,71,|73,69,70,74,|]
0-1-1-2 0 0 904 [54,70,77,60,56,72,78,61,] [node-0-1-1-2->face-0,node-0-1-1-2->face-1,node-0-1-1-2->face-2,node-0-1-1-2->face-3,node-0-1-1-2->face-4,node-0-1-1-2->face-5,] [54,70,72,56,|70,77,78,72,|77,60,61,78,|54,56,61,60,|72,78,61,56,|70,54,60,77,|]
0-1-1-3 2 3 904 [70,74,79,77,72,76,80,78,] [node-0-1-1-3->face-0,node-0-1-1-3->face-1,node-0-1-1-3->face-2,node-0-1-1-3->face-3,node-0-1-1-3->face-4,node-0-1-1-3->face-5,] [70,74,76,72,|74,79,80,76,|79,77,78,80,|70,72,78,77,|76,80,78,72,|74,70,77,79,|]
0-1-1-4 0 0 904 [55,71,72,56,65,81,82,66,] [node-0-1-1-4->face-0,node-0-1-1-4->face-1,node-0-1-1-4->face-2,node-0-1-1-4->face-3,node-0-1-1-4->face-4,node-0-1-1-4->face-5,] [55,71,81,65,|71,72,82,81,|72,56,66,82,|55,65,66,56,|81,82,66,65,|71,55,56,72,|]
0-1-1-5 1 2 904 [71,75,76,72,81,83,84,82,] [node-0-1-1-5->face-0,node-0-1-1-5->face-1,node-0-1-1-5->face-2,node-0-1-1-5->face-3,node-0-1-1-5->face-4,node-0-1-1-5->face-5,] [71,75,83,81,|75,76,84,83,|76,72,82,84,|71,81,82,72,|83,84,82,81,|75,71,72,76,|]
0-1-1-6 0 0 904 [56,72,78,61,66,82,85,68,] [node-0-1-1-6->face-0,node-0-1-1-6->face-1,node-0-1-1-6->face-2,node-0-1-1-6->face-3,node-0-1-1-6->face-4,node-0-1-1-6->face-5,] [56,72,82,66,|72,78,85,82,|78,61,68,85,|56,66,68,61,|82,85,68,66,|72,56,61,78,|]
0-1-1-7 0 0 904 [72,76,80,78,82,84,86,85,] [node-0-1-1-7->face-0,node-0-1-1-7->face-1,node-0-1-1-7->face-2,node-0-1-1-7->face-3,node-0-1-1-7->face-4,node-0-1-1-7->face-5,] [72,76,84,82,|76,80,86,84,|80,78,85,86,|72,82,85,78,|84,86,85,82,|76,72,78,80,|]
0-1-2 0 0 0 [0,0,0,0,0,0,0,0,] [unAssigned,unAssigned,unAssigned,unAssigned,unAssigned,unAssigned,] [-1,-1,-1,-1,|-1,-1,-1,-1,|-1,-1,-1,-1,|-1,-1,-1,-1,|-1,-1,-1,-1,|-1,-1,-1,-1,|]
0-1-2-0 0 0 904 [28,57,87,88,59,58,89,90,] [node-0-1-2-0->face-0,node-0-1-2-0->face-1,node-0-1-2-0->face-2,node-0-1-2-0->face-3,node-0-1-2-0->face-4,node-0-1-2-0->face-5,] [28,57,58,59,|57,87,89,58,|87,88,90,89,|28,59,90,88,|58,89,90,59,|57,28,88,87,|]
0-1-2-1 0 0 904 [57,60,91,87,58,61,92,89,] [node-0-1-2-1->face-0,node-0-1-2-1->face-1,node-0-1-2-1->face-2,node-0-1-2-1->face-3,node-0-1-2-1->face-4,node-0-1-2-1->face-5,] [57,60,61,58,|60,91,92,61,|91,87,89,92,|57,58,89,87,|61,92,89,58,|60,57,87,91,|]
0-1-2-2 1 2 904 [88,87,93,35,90,89,94,95,] [node-0-1-2-2->face-0,node-0-1-2-2->face-1,node-0-1-2-2->face-2,node-0-1-2-2->face-3,node-0-1-2-2->face-4,node-0-1-2-2->face-5,] [88,87,89,90,|87,93,94,89,|93,35,95,94,|88,90,95,35,|89,94,95,90,|87,88,35,93,|]
0-1-2-3 2 3 904 [87,91,96,93,89,92,97,94,] [node-0-1-2-3->face-0,node-0-1-2-3->face-1,node-0-1-2-3->face-2,node-0-1-2-3->face-3,node-0-1-2-3->face-4,node-0-1-2-3->face-5,] [87,91,92,89,|91,96,97,92,|96,93,94,97,|87,89,94,93,|92,97,94,89,|91,87,93,96,|]
0-1-2-4 0 0 904 [59,58,89,90,30,67,98,99,] [node-0-1-2-4->face-0,node-0-1-2-4->face-1,node-0-1-2-4->face-2,node-0-1-2-4->face-3,node-0-1-2-4->face-4,node-0-1-2-4->face-5,] [59,58,67,30,|58,89,98,67,|89,90,99,98,|59,30,99,90,|67,98,99,30,|58,59,90,89,|]
0-1-2-5 0 0 904 [58,61,92,89,67,68,100,98,] [node-0-1-2-5->face-0,node-0-1-2-5->face-1,node-0-1-2-5->face-2,node-0-1-2-5->face-3,node-0-1-2-5->face-4,node-0-1-2-5->face-5,] [58,61,68,67,|61,92,100,68,|92,89,98,100,|58,67,98,89,|68,100,98,67,|61,58,89,92,|]
0-1-2-6 0 0 904 [90,89,94,95,99,98,101,36,] [node-0-1-2-6->face-0,node-0-1-2-6->face-1,node-0-1-2-6->face-2,node-0-1-2-6->face-3,node-0-1-2-6->face-4,node-0-1-2-6->face-5,] [90,89,98,99,|89,94,101,98,|94,95,36,101,|90,99,36,95,|98,101,36,99,|89,90,95,94,|]
0-1-2-7 0 0 904 [89,92,97,94,98,100,102,101,] [node-0-1-2-7->face-0,node-0-1-2-7->face-1,node-0-1-2-7->face-2,node-0-1-2-7->face-3,node-0-1-2-7->face-4,node-0-1-2-7->face-5,] [89,92,100,98,|92,97,102,100,|97,94,101,102,|89,98,101,94,|100,102,101,98,|92,89,94,97,|]
0-1-3 0 0 0 [0,0,0,0,0,0,0,0,] [unAssigned,unAssigned,unAssigned,unAssigned,unAssigned,unAssigned,] [-1,-1,-1,-1,|-1,-1,-1,-1,|-1,-1,-1,-1,|-1,-1,-1,-1,|-1,-1,-1,-1,|-1,-1,-1,-1,|]
0-1-3-0 0 0 904 [60,77,103,91,61,78,104,92,] [node-0-1-3-0->face-0,node-0-1-3-0->face-1,node-0-1-3-0->face-2,node-0-1-3-0->face-3,node-0-1-3-0->face-4,node-0-1-3-0->face-5,] [60,77,78,61,|77,103,104,78,|103,91,92,104,|60,61,92,91,|78,104,92,61,|77,60,91,103,|]
0-1-3-1 1 2 904 [77,79,105,103,78,80,106,104,] [node-0-1-3-1->face-0,node-0-1-3-1->face-1,node-0-1-3-1->face-2,node-0-1-3-1->face-3,node-0-1-3-1->face-4,node-0-1-3-1->face-5,] [77,79,80,78,|79,105,106,80,|105,103,104,106,|77,78,104,103,|80,106,104,78,|79,77,103,105,|]
0-1-3-2 1 3 904 [91,103,107,96,92,104,108,97,] [node-0-1-3-2->face-0,node-0-1-3-2->face-1,node-0-1-3-2->face-2,node-0-1-3-2->face-3,node-0-1-3-2->face-4,node-0-1-3-2->face-5,] [91,103,104,92,|103,107,108,104,|107,96,97,108,|91,92,97,96,|104,108,97,92,|103,91,96,107,|]
0-1-3-3 1 2 904 [103,105,109,107,104,106,110,108,] [node-0-1-3-3->face-0,node-0-1-3-3->face-1,node-0-1-3-3->face-2,node-0-1-3-3->face-3,node-0-1-3-3->face-4,node-0-1-3-3->face-5,] [103,105,106,104,|105,109,110,106,|109,107,108,110,|103,104,108,107,|106,110,108,104,|105,103,107,109,|]
0-1-3-4 0 0 904 [61,78,104,92,68,85,111,100,] [node-0-1-3-4->face-0,node-0-1-3-4->face-1,node-0-1-3-4->face-2,node-0-1-3-4->face-3,node-0-1-3-4->face-4,node-0-1-3-4->face-5,] [61,78,85,68,|78,104,111,85,|104,92,100,111,|61,68,100,92,|85,111,100,68,|78,61,92,104,|]
0-1-3-5 0 0 904 [78,80,106,104,85,86,112,111,] [node-0-1-3-5->face-0,node-0-1-3-5->face-1,node-0-1-3-5->face-2,node-0-1-3-5->face-3,node-0-1-3-5->face-4,node-0-1-3-5->face-5,] [78,80,86,85,|80,106,112,86,|106,104,111,112,|78,85,111,104,|86,112,111,85,|80,78,104,106,|]
0-1-3-6 1 2 904 [92,104,108,97,100,111,113,102,] [node-0-1-3-6->face-0,node-0-1-3-6->face-1,node-0-1-3-6->face-2,node-0-1-3-6->face-3,node-0-1-3-6->face-4,node-0-1-3-6->face-5,] [92,104,111,100,|104,108,113,111,|108,97,102,113,|92,100,102,97,|111,113,102,100,|104,92,97,108,|]
0-1-3-7 0 0 904 [104,106,110,108,111,112,114,113,] [node-0-1-3-7->face-0,node-0-1-3-7->face-1,node-0-1-3-7->face-2,node-0-1-3-7->face-3,node-0-1-3-7->face-4,node-0-1-3-7->face-5,] [104,106,112,111,|106,110,114,112,|110,108,113,114,|104,111,113,108,|112,114,113,111,|106,104,108,110,|]
0-1-4 0 0 904 [29,65,68,30,41,115,116,42,] [node-0-1-4->face-0,node-0-1-4->face-1,node-0-1-4->face-2,node-0-1-4->face-3,node-0-1-4->face-4,node-0-1-4->face-5,] [29,65,115,41,|65,68,116,115,|68,30,42,116,|29,41,42,30,|115,116,42,41,|65,29,30,68,|]
0-1-5 2 3 904 [65,83,86,68,115,117,118,116,] [node-0-1-5->face-0,node-0-1-5->face-1,node-0-1-5->face-2,node-0-1-5->face-3,node-0-1-5->face-4,node-0-1-5->face-5,] [65,83,117,115,|83,86,118,117,|86,68,116,118,|65,115,116,68,|117,118,116,115,|83,65,68,86,|]
0-1-6 0 0 904 [30,68,102,36,42,116,119,45,] [node-0-1-6->face-0,node-0-1-6->face-1,node-0-1-6->face-2,node-0-1-6->face-3,node-0-1-6->face-4,node-0-1-6->face-5,] [30,68,116,42,|68,102,119,116,|102,36,45,119,|30,42,45,36,|116,119,45,42,|68,30,36,102,|]
0-1-7 2 3 904 [68,86,114,102,116,118,120,119,] [node-0-1-7->face-0,node-0-1-7->face-1,node-0-1-7->face-2,node-0-1-7->face-3,node-0-1-7->face-4,node-0-1-7->face-5,] [68,86,118,116,|86,114,120,118,|114,102,119,120,|68,116,119,102,|118,120,119,116,|86,68,102,114,|]
0-2 0 0 0 [0,0,0,0,0,0,0,0,] [unAssigned,unAssigned,unAssigned,unAssigned,unAssigned,unAssigned,] [-1,-1,-1,-1,|-1,-1,-1,-1,|-1,-1,-1,-1,|-1,-1,-1,-1,|-1,-1,-1,-1,|-1,-1,-1,-1,|]
0-2-0 0 0 0 [0,0,0,0,0,0,0,0,] [unAssigned,unAssigned,unAssigned,unAssigned,unAssigned,unAssigned,] [-1,-1,-1,-1,|-1,-1,-1,-1,|-1,-1,-1,-1,|-1,-1,-1,-1,|-1,-1,-1,-1,|-1,-1,-1,-1,|]
0-2-0-0 2 3 904 [32,121,122,123,124,125,126,127,] [node-0-2-0-0->face-0,node-0-2-0-0->face-1,node-0-2-0-0->face-2,node-0-2-0-0->face-3,node-0-2-0-0->face-4,node-0-2-0-0->face-5,] [32,121,125,124,|121,122,126,125,|122,123,127,126,|32,124,127,123,|125,126,127,124,|121,32,123,122,|]
0-2-0-1 0 0 904 [121,31,128,122,125,129,130,126,] [node-0-2-0-1->face-0,node-0-2-0-1->face-1,node-0-2-0-1->face-2,node-0-2-0-1->face-3,node-0-2-0-1->face-4,node-0-2-0-1->face-5,] [121,31,129,125,|31,128,130,129,|128,122,126,130,|121,125,126,122,|129,130,126,125,|31,121,122,128,|]
0-2-0-2 1 2 904 [123,122,131,132,127,126,133,134,] [node-0-2-0-2->face-0,node-0-2-0-2->face-1,node-0-2-0-2->face-2,node-0-2-0-2->face-3,node-0-2-0-2->face-4,node-0-2-0-2->face-5,] [123,122,126,127,|122,131,133,126,|131,132,134,133,|123,127,134,132,|126,133,134,127,|122,123,132,131,|]
0-2-0-3 0 0 904 [122,128,135,131,126,130,136,133,] [node-0-2-0-3->face-0,node-0-2-0-3->face-1,node-0-2-0-3->face-2,node-0-2-0-3->face-3,node-0-2-0-3->face-4,node-0-2-0-3->face-5,] [122,128,130,126,|128,135,136,130,|135,131,133,136,|122,126,133,131,|130,136,133,126,|128,122,131,135,|]
0-2-0-4 0 0 904 [124,125,126,127,34,137,138,139,] [node-0-2-0-4->face-0,node-0-2-0-4->face-1,node-0-2-0-4->face-2,node-0-2-0-4->face-3,node-0-2-0-4->face-4,node-0-2-0-4->face-5,] [124,125,137,34,|125,126,138,137,|126,127,139,138,|124,34,139,127,|137,138,139,34,|125,124,127,126,|]
0-2-0-5 0 0 904 [125,129,130,126,137,33,140,138,] [node-0-2-0-5->face-0,node-0-2-0-5->face-1,node-0-2-0-5->face-2,node-0-2-0-5->face-3,node-0-2-0-5->face-4,node-0-2-0-5->face-5,] [125,129,33,137,|129,130,140,33,|130,126,138,140,|125,137,138,126,|33,140,138,137,|129,125,126,130,|]
0-2-0-6 0 0 904 [127,126,133,134,139,138,141,142,] [node-0-2-0-6->face-0,node-0-2-0-6->face-1,node-0-2-0-6->face-2,node-0-2-0-6->face-3,node-0-2-0-6->face-4,node-0-2-0-6->face-5,] [127,126,138,139,|126,133,141,138,|133,134,142,141,|127,139,142,134,|138,141,142,139,|126,127,134,133,|]
0-2-0-7 0 0 904 [126,130,136,133,138,140,143,141,] [node-0-2-0-7->face-0,node-0-2-0-7->face-1,node-0-2-0-7->face-2,node-0-2-0-7->face-3,node-0-2-0-7->face-4,node-0-2-0-7->face-5,] [126,130,140,138,|130,136,143,140,|136,133,141,143,|126,138,141,133,|140,143,141,138,|130,126,133,136,|]
0-2-1 0 0 0 [0,0,0,0,0,0,0,0,] [unAssigned,unAssigned,unAssigned,unAssigned,unAssigned,unAssigned,] [-1,-1,-1,-1,|-1,-1,-1,-1,|-1,-1,-1,-1,|-1,-1,-1,-1,|-1,-1,-1,-1,|-1,-1,-1,-1,|]
0-2-1-0 0 0 904 [31,144,145,128,129,146,147,130,] [node-0-2-1-0->face-0,node-0-2-1-0->face-1,node-0-2-1-0->face-2,node-0-2-1-0->face-3,node-0-2-1-0->face-4,node-0-2-1-0->face-5,] [31,144,146,129,|144,145,147,146,|145,128,130,147,|31,129,130,128,|146,147,130,129,|144,31,128,145,|]
0-2-1-1 1 2 904 [144,35,148,145,146,95,149,147,] [node-0-2-1-1->face-0,node-0-2-1-1->face-1,node-0-2-1-1->face-2,node-0-2-1-1->face-3,node-0-2-1-1->face-4,node-0-2-1-1->face-5,] [144,35,95,146,|35,148,149,95,|148,145,147,149,|144,146,147,145,|95,149,147,146,|35,144,145,148,|]
0-2-1-2 0 0 904 [128,145,150,135,130,147,151,136,] [node-0-2-1-2->face-0,node-0-2-1-2->face-1,node-0-2-1-2->face-2,node-0-2-1-2->face-3,node-0-2-1-2->face-4,node-0-2-1-2->face-5,] [128,145,147,130,|145,150,151,147,|150,135,136,151,|128,130,136,135,|147,151,136,130,|145,128,135,150,|]
0-2-1-3 2 3 904 [145,148,152,150,147,149,153,151,] [node-0-2-1-3->face-0,node-0-2-1-3->face-1,node-0-2-1-3->face-2,node-0-2-1-3->face-3,node-0-2-1-3->face-4,node-0-2-1-3->face-5,] [145,148,149,147,|148,152,153,149,|152,150,151,153,|145,147,151,150,|149,153,151,147,|148,145,150,152,|]
0-2-1-4 0 0 904 [129,146,147,130,33,154,155,140,] [node-0-2-1-4->face-0,node-0-2-1-4->face-1,node-0-2-1-4->face-2,node-0-2-1-4->face-3,node-0-2-1-4->face-4,node-0-2-1-4->face-5,] [129,146,154,33,|146,147,155,154,|147,130,140,155,|129,33,140,130,|154,155,140,33,|146,129,130,147,|]
0-2-1-5 0 0 904 [146,95,149,147,154,36,156,155,] [node-0-2-1-5->face-0,node-0-2-1-5->face-1,node-0-2-1-5->face-2,node-0-2-1-5->face-3,node-0-2-1-5->face-4,node-0-2-1-5->face-5,] [146,95,36,154,|95,149,156,36,|149,147,155,156,|146,154,155,147,|36,156,155,154,|95,146,147,149,|]
0-2-1-6 0 0 904 [130,147,151,136,140,155,157,143,] [node-0-2-1-6->face-0,node-0-2-1-6->face-1,node-0-2-1-6->face-2,node-0-2-1-6->face-3,node-0-2-1-6->face-4,node-0-2-1-6->face-5,] [130,147,155,140,|147,151,157,155,|151,136,143,157,|130,140,143,136,|155,157,143,140,|147,130,136,151,|]
0-2-1-7 0 0 904 [147,149,153,151,155,156,158,157,] [node-0-2-1-7->face-0,node-0-2-1-7->face-1,node-0-2-1-7->face-2,node-0-2-1-7->face-3,node-0-2-1-7->face-4,node-0-2-1-7->face-5,] [147,149,156,155,|149,153,158,156,|153,151,157,158,|147,155,157,151,|156,158,157,155,|149,147,151,153,|]
0-2-2 0 0 0 [0,0,0,0,0,0,0,0,] [unAssigned,unAssigned,unAssigned,unAssigned,unAssigned,unAssigned,] [-1,-1,-1,-1,|-1,-1,-1,-1,|-1,-1,-1,-1,|-1,-1,-1,-1,|-1,-1,-1,-1,|-1,-1,-1,-1,|]
0-2-2-0 1 2 904 [132,131,159,160,134,133,161,162,] [node-0-2-2-0->face-0,node-0-2-2-0->face-1,node-0-2-2-0->face-2,node-0-2-2-0->face-3,node-0-2-2-0->face-4,node-0-2-2-0->face-5,] [132,131,133,134,|131,159,161,133,|159,160,162,161,|132,134,162,160,|133,161,162,134,|131,132,160,159,|]
0-2-2-1 0 0 904 [131,135,163,159,133,136,164,161,] [node-0-2-2-1->face-0,node-0-2-2-1->face-1,node-0-2-2-1->face-2,node-0-2-2-1->face-3,node-0-2-2-1->face-4,node-0-2-2-1->face-5,] [131,135,136,133,|135,163,164,136,|163,159,161,164,|131,133,161,159,|136,164,161,133,|135,131,159,163,|]
0-2-2-2 2 4 904 [160,159,165,166,162,161,167,168,] [node-0-2-2-2->face-0,node-0-2-2-2->face-1,node-0-2-2-2->face-2,node-0-2-2-2->face-3,node-0-2-2-2->face-4,node-0-2-2-2->face-5,] [160,159,161,162,|159,165,167,161,|165,166,168,167,|160,162,168,166,|161,167,168,162,|159,160,166,165,|]
0-2-2-3 2 3 904 [159,163,169,165,161,164,170,167,] [node-0-2-2-3->face-0,node-0-2-2-3->face-1,node-0-2-2-3->face-2,node-0-2-2-3->face-3,node-0-2-2-3->face-4,node-0-2-2-3->face-5,] [159,163,164,161,|163,169,170,164,|169,165,167,170,|159,161,167,165,|164,170,167,161,|163,159,165,169,|]
0-2-2-4 0 0 904 [134,133,161,162,142,141,171,172,] [node-0-2-2-4->face-0,node-0-2-2-4->face-1,node-0-2-2-4->face-2,node-0-2-2-4->face-3,node-0-2-2-4->face-4,node-0-2-2-4->face-5,] [134,133,141,142,|133,161,171,141,|161,162,172,171,|134,142,172,162,|141,171,172,142,|133,134,162,161,|]
0-2-2-5 0 0 904 [133,136,164,161,141,143,173,171,] [node-0-2-2-5->face-0,node-0-2-2-5->face-1,node-0-2-2-5->face-2,node-0-2-2-5->face-3,node-0-2-2-5->face-4,node-0-2-2-5->face-5,] [133,136,143,141,|136,164,173,143,|164,161,171,173,|133,141,171,161,|143,173,171,141,|136,133,161,164,|]
0-2-2-6 1 2 904 [162,161,167,168,172,171,174,175,] [node-0-2-2-6->face-0,node-0-2-2-6->face-1,node-0-2-2-6->face-2,node-0-2-2-6->face-3,node-0-2-2-6->face-4,node-0-2-2-6->face-5,] [162,161,171,172,|161,167,174,171,|167,168,175,174,|162,172,175,168,|171,174,175,172,|161,162,168,167,|]
0-2-2-7 0 0 904 [161,164,170,167,171,173,176,174,] [node-0-2-2-7->face-0,node-0-2-2-7->face-1,node-0-2-2-7->face-2,node-0-2-2-7->face-3,node-0-2-2-7->face-4,node-0-2-2-7->face-5,] [161,164,173,171,|164,170,176,173,|170,167,174,176,|161,171,174,167,|173,176,174,171,|164,161,167,170,|]
0-2-3 0 0 0 [0,0,0,0,0,0,0,0,] [unAssigned,unAssigned,unAssigned,unAssigned,unAssigned,unAssigned,] [-1,-1,-1,-1,|-1,-1,-1,-1,|-1,-1,-1,-1,|-1,-1,-1,-1,|-1,-1,-1,-1,|-1,-1,-1,-1,|]
0-2-3-0 0 0 904 [135,150,177,163,136,151,178,164,] [node-0-2-3-0->face-0,node-0-2-3-0->face-1,node-0-2-3-0->face-2,node-0-2-3-0->face-3,node-0-2-3-0->face-4,node-0-2-3-0->face-5,] [135,150,151,136,|150,177,178,151,|177,163,164,178,|135,136,164,163,|151,178,164,136,|150,135,163,177,|]
0-2-3-1 1 3 904 [150,152,179,177,151,153,180,178,] [node-0-2-3-1->face-0,node-0-2-3-1->face-1,node-0-2-3-1->face-2,node-0-2-3-1->face-3,node-0-2-3-1->face-4,node-0-2-3-1->face-5,] [150,152,153,151,|152,179,180,153,|179,177,178,180,|150,151,178,177,|153,180,178,151,|152,150,177,179,|]
0-2-3-2 1 2 904 [163,177,181,169,164,178,182,170,] [node-0-2-3-2->face-0,node-0-2-3-2->face-1,node-0-2-3-2->face-2,node-0-2-3-2->face-3,node-0-2-3-2->face-4,node-0-2-3-2->face-5,] [163,177,178,164,|177,181,182,178,|181,169,170,182,|163,164,170,169,|178,182,170,164,|177,163,169,181,|]
0-2-3-3 1 2 904 [177,179,183,181,178,180,184,182,] [node-0-2-3-3->face-0,node-0-2-3-3->face-1,node-0-2-3-3->face-2,node-0-2-3-3->face-3,node-0-2-3-3->face-4,node-0-2-3-3->face-5,] [177,179,180,178,|179,183,184,180,|183,181,182,184,|177,178,182,181,|180,184,182,178,|179,177,181,183,|]
0-2-3-4 0 0 904 [136,151,178,164,143,157,185,173,] [node-0-2-3-4->face-0,node-0-2-3-4->face-1,node-0-2-3-4->face-2,node-0-2-3-4->face-3,node-0-2-3-4->face-4,node-0-2-3-4->face-5,] [136,151,157,143,|151,178,185,157,|178,164,173,185,|136,143,173,164,|157,185,173,143,|151,136,164,178,|]
0-2-3-5 1 2 904 [151,153,180,178,157,158,186,185,] [node-0-2-3-5->face-0,node-0-2-3-5->face-1,node-0-2-3-5->face-2,node-0-2-3-5->face-3,node-0-2-3-5->face-4,node-0-2-3-5->face-5,] [151,153,158,157,|153,180,186,158,|180,178,185,186,|151,157,185,178,|158,186,185,157,|153,151,178,180,|]
0-2-3-6 0 0 904 [164,178,182,170,173,185,187,176,] [node-0-2-3-6->face-0,node-0-2-3-6->face-1,node-0-2-3-6->face-2,node-0-2-3-6->face-3,node-0-2-3-6->face-4,node-0-2-3-6->face-5,] [164,178,185,173,|178,182,187,185,|182,170,176,187,|164,173,176,170,|185,187,176,173,|178,164,170,182,|]
0-2-3-7 0 0 904 [178,180,184,182,185,186,188,187,] [node-0-2-3-7->face-0,node-0-2-3-7->face-1,node-0-2-3-7->face-2,node-0-2-3-7->face-3,node-0-2-3-7->face-4,node-0-2-3-7->face-5,] [178,180,186,185,|180,184,188,186,|184,182,187,188,|178,185,187,182,|186,188,187,185,|180,178,182,184,|]
0-2-4 0 0 904 [34,33,143,142,44,43,189,190,] [node-0-2-4->face-0,node-0-2-4->face-1,node-0-2-4->face-2,node-0-2-4->face-3,node-0-2-4->face-4,node-0-2-4->face-5,] [34,33,43,44,|33,143,189,43,|143,142,190,189,|34,44,190,142,|43,189,190,44,|33,34,142,143,|]
0-2-5 0 0 904 [33,36,158,143,43,45,191,189,] [node-0-2-5->face-0,node-0-2-5->face-1,node-0-2-5->face-2,node-0-2-5->face-3,node-0-2-5->face-4,node-0-2-5->face-5,] [33,36,45,43,|36,158,191,45,|158,143,189,191,|33,43,189,143,|45,191,189,43,|36,33,143,158,|]
0-2-6 2 3 904 [142,143,176,175,190,189,192,193,] [node-0-2-6->face-0,node-0-2-6->face-1,node-0-2-6->face-2,node-0-2-6->face-3,node-0-2-6->face-4,node-0-2-6->face-5,] [142,143,189,190,|143,176,192,189,|176,175,193,192,|142,190,193,175,|189,192,193,190,|143,142,175,176,|]
0-2-7 2 3 904 [143,158,188,176,189,191,194,192,] [node-0-2-7->face-0,node-0-2-7->face-1,node-0-2-7->face-2,node-0-2-7->face-3,node-0-2-7->face-4,node-0-2-7->face-5,] [143,158,191,189,|158,188,194,191,|188,176,192,194,|143,189,192,176,|191,194,192,189,|158,143,176,188,|]
0-3 0 0 0 [0,0,0,0,0,0,0,0,] [unAssigned,unAssigned,unAssigned,unAssigned,unAssigned,unAssigned,] [-1,-1,-1,-1,|-1,-1,-1,-1,|-1,-1,-1,-1,|-1,-1,-1,-1,|-1,-1,-1,-1,|-1,-1,-1,-1,|]
0-3-0 0 0 904 [35,96,195,152,36,102,196,158,] [node-0-3-0->face-0,node-0-3-0->face-1,node-0-3-0->face-2,node-0-3-0->face-3,node-0-3-0->face-4,node-0-3-0->face-5,] [35,96,102,36,|96,195,196,102,|195,152,158,196,|35,36,158,152,|102,196,158,36,|96,35,152,195,|]
0-3-1 0 0 0 [0,0,0,0,0,0,0,0,] [unAssigned,unAssigned,unAssigned,unAssigned,unAssigned,unAssigned,] [-1,-1,-1,-1,|-1,-1,-1,-1,|-1,-1,-1,-1,|-1,-1,-1,-1,|-1,-1,-1,-1,|-1,-1,-1,-1,|]
0-3-1-0 1 2 904 [96,107,197,198,97,108,199,200,] [node-0-3-1-0->face-0,node-0-3-1-0->face-1,node-0-3-1-0->face-2,node-0-3-1-0->face-3,node-0-3-1-0->face-4,node-0-3-1-0->face-5,] [96,107,108,97,|107,197,199,108,|197,198,200,199,|96,97,200,198,|108,199,200,97,|107,96,198,197,|]
0-3-1-1 2 3 904 [107,109,201,197,108,110,202,199,] [node-0-3-1-1->face-0,node-0-3-1-1->face-1,node-0-3-1-1->face-2,node-0-3-1-1->face-3,node-0-3-1-1->face-4,node-0-3-1-1->face-5,] [107,109,110,108,|109,201,202,110,|201,197,199,202,|107,108,199,197,|110,202,199,108,|109,107,197,201,|]
0-3-1-2 2 3 904 [198,197,203,195,200,199,204,205,] [node-0-3-1-2->face-0,node-0-3-1-2->face-1,node-0-3-1-2->face-2,node-0-3-1-2->face-3,node-0-3-1-2->face-4,node-0-3-1-2->face-5,] [198,197,199,200,|197,203,204,199,|203,195,205,204,|198,200,205,195,|199,204,205,200,|197,198,195,203,|]
0-3-1-3 1 2 904 [197,201,206,203,199,202,207,204,] [node-0-3-1-3->face-0,node-0-3-1-3->face-1,node-0-3-1-3->face-2,node-0-3-1-3->face-3,node-0-3-1-3->face-4,node-0-3-1-3->face-5,] [197,201,202,199,|201,206,207,202,|206,203,204,207,|197,199,204,203,|202,207,204,199,|201,197,203,206,|]
0-3-1-4 0 0 904 [97,108,199,200,102,113,208,209,] [node-0-3-1-4->face-0,node-0-3-1-4->face-1,node-0-3-1-4->face-2,node-0-3-1-4->face-3,node-0-3-1-4->face-4,node-0-3-1-4->face-5,] [97,108,113,102,|108,199,208,113,|199,200,209,208,|97,102,209,200,|113,208,209,102,|108,97,200,199,|]
0-3-1-5 0 0 904 [108,110,202,199,113,114,210,208,] [node-0-3-1-5->face-0,node-0-3-1-5->face-1,node-0-3-1-5->face-2,node-0-3-1-5->face-3,node-0-3-1-5->face-4,node-0-3-1-5->face-5,] [108,110,114,113,|110,202,210,114,|202,199,208,210,|108,113,208,199,|114,210,208,113,|110,108,199,202,|]
0-3-1-6 0 0 904 [200,199,204,205,209,208,211,196,] [node-0-3-1-6->face-0,node-0-3-1-6->face-1,node-0-3-1-6->face-2,node-0-3-1-6->face-3,node-0-3-1-6->face-4,node-0-3-1-6->face-5,] [200,199,208,209,|199,204,211,208,|204,205,196,211,|200,209,196,205,|208,211,196,209,|199,200,205,204,|]
0-3-1-7 0 0 904 [199,202,207,204,208,210,212,211,] [node-0-3-1-7->face-0,node-0-3-1-7->face-1,node-0-3-1-7->face-2,node-0-3-1-7->face-3,node-0-3-1-7->face-4,node-0-3-1-7->face-5,] [199,202,210,208,|202,207,212,210,|207,204,211,212,|199,208,211,204,|210,212,211,208,|202,199,204,207,|]
0-3-2 0 0 0 [0,0,0,0,0,0,0,0,] [unAssigned,unAssigned,unAssigned,unAssigned,unAssigned,unAssigned,] [-1,-1,-1,-1,|-1,-1,-1,-1,|-1,-1,-1,-1,|-1,-1,-1,-1,|-1,-1,-1,-1,|-1,-1,-1,-1,|]
0-3-2-0 1 2 904 [152,213,214,179,153,215,216,180,] [node-0-3-2-0->face-0,node-0-3-2-0->face-1,node-0-3-2-0->face-2,node-0-3-2-0->face-3,node-0-3-2-0->face-4,node-0-3-2-0->face-5,] [152,213,215,153,|213,214,216,215,|214,179,180,216,|152,153,180,179,|215,216,180,153,|213,152,179,214,|]
0-3-2-1 2 3 904 [213,195,217,214,215,205,218,216,] [node-0-3-2-1->face-0,node-0-3-2-1->face-1,node-0-3-2-1->face-2,node-0-3-2-1->face-3,node-0-3-2-1->face-4,node-0-3-2-1->face-5,] [213,195,205,215,|195,217,218,205,|217,214,216,218,|213,215,216,214,|205,218,216,215,|195,213,214,217,|]
0-3-2-2 2 3 904 [179,214,219,183,180,216,220,184,] [node-0-3-2-2->face-0,node-0-3-2-2->face-1,node-0-3-2-2->face-2,node-0-3-2-2->face-3,node-0-3-2-2->face-4,node-0-3-2-2->face-5,] [179,214,216,180,|214,219,220,216,|219,183,184,220,|179,180,184,183,|216,220,184,180,|214,179,183,219,|]
0-3-2-3 1 2 904 [214,217,221,219,216,218,222,220,] [node-0-3-2-3->face-0,node-0-3-2-3->face-1,node-0-3-2-3->face-2,node-0-3-2-3->face-3,node-0-3-2-3->face-4,node-0-3-2-3->face-5,] [214,217,218,216,|217,221,222,218,|221,219,220,222,|214,216,220,219,|218,222,220,216,|217,214,219,221,|]
0-3-2-4 0 0 904 [153,215,216,180,158,223,224,186,] [node-0-3-2-4->face-0,node-0-3-2-4->face-1,node-0-3-2-4->face-2,node-0-3-2-4->face-3,node-0-3-2-4->face-4,node-0-3-2-4->face-5,] [153,215,223,158,|215,216,224,223,|216,180,186,224,|153,158,186,180,|223,224,186,158,|215,153,180,216,|]
0-3-2-5 0 0 904 [215,205,218,216,223,196,225,224,] [node-0-3-2-5->face-0,node-0-3-2-5->face-1,node-0-3-2-5->face-2,node-0-3-2-5->face-3,node-0-3-2-5->face-4,node-0-3-2-5->face-5,] [215,205,196,223,|205,218,225,196,|218,216,224,225,|215,223,224,216,|196,225,224,223,|205,215,216,218,|]
0-3-2-6 0 0 904 [180,216,220,184,186,224,226,188,] [node-0-3-2-6->face-0,node-0-3-2-6->face-1,node-0-3-2-6->face-2,node-0-3-2-6->face-3,node-0-3-2-6->face-4,node-0-3-2-6->face-5,] [180,216,224,186,|216,220,226,224,|220,184,188,226,|180,186,188,184,|224,226,188,186,|216,180,184,220,|]
0-3-2-7 0 0 904 [216,218,222,220,224,225,227,226,] [node-0-3-2-7->face-0,node-0-3-2-7->face-1,node-0-3-2-7->face-2,node-0-3-2-7->face-3,node-0-3-2-7->face-4,node-0-3-2-7->face-5,] [216,218,225,224,|218,222,227,225,|222,220,226,227,|216,224,226,220,|225,227,226,224,|218,216,220,222,|]
0-3-3 0 0 0 [0,0,0,0,0,0,0,0,] [unAssigned,unAssigned,unAssigned,unAssigned,unAssigned,unAssigned,] [-1,-1,-1,-1,|-1,-1,-1,-1,|-1,-1,-1,-1,|-1,-1,-1,-1,|-1,-1,-1,-1,|-1,-1,-1,-1,|]
0-3-3-0 1 3 904 [195,203,228,217,205,204,229,218,] [node-0-3-3-0->face-0,node-0-3-3-0->face-1,node-0-3-3-0->face-2,node-0-3-3-0->face-3,node-0-3-3-0->face-4,node-0-3-3-0->face-5,] [195,203,204,205,|203,228,229,204,|228,217,218,229,|195,205,218,217,|204,229,218,205,|203,195,217,228,|]
0-3-3-1 1 2 904 [203,206,230,228,204,207,231,229,] [node-0-3-3-1->face-0,node-0-3-3-1->face-1,node-0-3-3-1->face-2,node-0-3-3-1->face-3,node-0-3-3-1->face-4,node-0-3-3-1->face-5,] [203,206,207,204,|206,230,231,207,|230,228,229,231,|203,204,229,228,|207,231,229,204,|206,203,228,230,|]
0-3-3-2 1 2 904 [217,228,232,221,218,229,233,222,] [node-0-3-3-2->face-0,node-0-3-3-2->face-1,node-0-3-3-2->face-2,node-0-3-3-2->face-3,node-0-3-3-2->face-4,node-0-3-3-2->face-5,] [217,228,229,218,|228,232,233,229,|232,221,222,233,|217,218,222,221,|229,233,222,218,|228,217,221,232,|]
0-3-3-3 3 5 904 [228,230,234,232,229,231,235,233,] [node-0-3-3-3->face-0,node-0-3-3-3->face-1,node-0-3-3-3->face-2,node-0-3-3-3->face-3,node-0-3-3-3->face-4,node-0-3-3-3->face-5,] [228,230,231,229,|230,234,235,231,|234,232,233,235,|228,229,233,232,|231,235,233,229,|230,228,232,234,|]
0-3-3-4 1 2 904 [205,204,229,218,196,211,236,225,] [node-0-3-3-4->face-0,node-0-3-3-4->face-1,node-0-3-3-4->face-2,node-0-3-3-4->face-3,node-0-3-3-4->face-4,node-0-3-3-4->face-5,] [205,204,211,196,|204,229,236,211,|229,218,225,236,|205,196,225,218,|211,236,225,196,|204,205,218,229,|]
0-3-3-5 0 0 904 [204,207,231,229,211,212,237,236,] [node-0-3-3-5->face-0,node-0-3-3-5->face-1,node-0-3-3-5->face-2,node-0-3-3-5->face-3,node-0-3-3-5->face-4,node-0-3-3-5->face-5,] [204,207,212,211,|207,231,237,212,|231,229,236,237,|204,211,236,229,|212,237,236,211,|207,204,229,231,|]
0-3-3-6 0 0 904 [218,229,233,222,225,236,238,227,] [node-0-3-3-6->face-0,node-0-3-3-6->face-1,node-0-3-3-6->face-2,node-0-3-3-6->face-3,node-0-3-3-6->face-4,node-0-3-3-6->face-5,] [218,229,236,225,|229,233,238,236,|233,222,227,238,|218,225,227,222,|236,238,227,225,|229,218,222,233,|]
0-3-3-7 1 2 904 [229,231,235,233,236,237,239,238,] [node-0-3-3-7->face-0,node-0-3-3-7->face-1,node-0-3-3-7->face-2,node-0-3-3-7->face-3,node-0-3-3-7->face-4,node-0-3-3-7->face-5,] [229,231,237,236,|231,235,239,237,|235,233,238,239,|229,236,238,233,|237,239,238,236,|231,229,233,235,|]
0-3-4 0 0 904 [36,102,196,158,45,119,240,191,] [node-0-3-4->face-0,node-0-3-4->face-1,node-0-3-4->face-2,node-0-3-4->face-3,node-0-3-4->face-4,node-0-3-4->face-5,] [36,102,119,45,|102,196,240,119,|196,158,191,240,|36,45,191,158,|119,240,191,45,|102,36,158,196,|]
0-3-5 0 0 904 [102,114,212,196,119,120,241,240,] [node-0-3-5->face-0,node-0-3-5->face-1,node-0-3-5->face-2,node-0-3-5->face-3,node-0-3-5->face-4,node-0-3-5->face-5,] [102,114,120,119,|114,212,241,120,|212,196,240,241,|102,119,240,196,|120,241,240,119,|114,102,196,212,|]
0-3-6 0 0 904 [158,196,227,188,191,240,242,194,] [node-0-3-6->face-0,node-0-3-6->face-1,node-0-3-6->face-2,node-0-3-6->face-3,node-0-3-6->face-4,node-0-3-6->face-5,] [158,196,240,191,|196,227,242,240,|227,188,194,242,|158,191,194,188,|240,242,194,191,|196,158,188,227,|]
0-3-7 0 0 0 [0,0,0,0,0,0,0,0,] [unAssigned,unAssigned,unAssigned,unAssigned,unAssigned,unAssigned,] [-1,-1,-1,-1,|-1,-1,-1,-1,|-1,-1,-1,-1,|-1,-1,-1,-1,|-1,-1,-1,-1,|-1,-1,-1,-1,|]
0-3-7-0 1 2 904 [196,211,236,225,243,244,245,246,] [node-0-3-7-0->face-0,node-0-3-7-0->face-1,node-0-3-7-0->face-2,node-0-3-7-0->face-3,node-0-3-7-0->face-4,node-0-3-7-0->face-5,] [196,211,244,243,|211,236,245,244,|236,225,246,245,|196,243,246,225,|244,245,246,243,|211,196,225,236,|]
0-3-7-1 0 0 904 [211,212,237,236,244,247,248,245,] [node-0-3-7-1->face-0,node-0-3-7-1->face-1,node-0-3-7-1->face-2,node-0-3-7-1->face-3,node-0-3-7-1->face-4,node-0-3-7-1->face-5,] [211,212,247,244,|212,237,248,247,|237,236,245,248,|211,244,245,236,|247,248,245,244,|212,211,236,237,|]
0-3-7-2 0 0 904 [225,236,238,227,246,245,249,250,] [node-0-3-7-2->face-0,node-0-3-7-2->face-1,node-0-3-7-2->face-2,node-0-3-7-2->face-3,node-0-3-7-2->face-4,node-0-3-7-2->face-5,] [225,236,245,246,|236,238,249,245,|238,227,250,249,|225,246,250,227,|245,249,250,246,|236,225,227,238,|]
0-3-7-3 1 2 904 [236,237,239,238,245,248,251,249,] [node-0-3-7-3->face-0,node-0-3-7-3->face-1,node-0-3-7-3->face-2,node-0-3-7-3->face-3,node-0-3-7-3->face-4,node-0-3-7-3->face-5,] [236,237,248,245,|237,239,251,248,|239,238,249,251,|236,245,249,238,|248,251,249,245,|237,236,238,239,|]
0-3-7-4 1 2 904 [243,244,245,246,240,252,253,254,] [node-0-3-7-4->face-0,node-0-3-7-4->face-1,node-0-3-7-4->face-2,node-0-3-7-4->face-3,node-0-3-7-4->face-4,node-0-3-7-4->face-5,] [243,244,252,240,|244,245,253,252,|245,246,254,253,|243,240,254,246,|252,253,254,240,|244,243,246,245,|]
0-3-7-5 0 0 904 [244,247,248,245,252,241,255,253,] [node-0-3-7-5->face-0,node-0-3-7-5->face-1,node-0-3-7-5->face-2,node-0-3-7-5->face-3,node-0-3-7-5->face-4,node-0-3-7-5->face-5,] [244,247,241,252,|247,248,255,241,|248,245,253,255,|244,252,253,245,|241,255,253,252,|247,244,245,248,|]
0-3-7-6 0 0 904 [246,245,249,250,254,253,256,242,] [node-0-3-7-6->face-0,node-0-3-7-6->face-1,node-0-3-7-6->face-2,node-0-3-7-6->face-3,node-0-3-7-6->face-4,node-0-3-7-6->face-5,] [246,245,253,254,|245,249,256,253,|249,250,242,256,|246,254,242,250,|253,256,242,254,|245,246,250,249,|]
0-3-7-7 1 2 904 [245,248,251,249,253,255,257,256,] [node-0-3-7-7->face-0,node-0-3-7-7->face-1,node-0-3-7-7->face-2,node-0-3-7-7->face-3,node-0-3-7-7->face-4,node-0-3-7-7->face-5,] [245,248,255,253,|248,251,257,255,|251,249,256,257,|245,253,256,249,|255,257,256,253,|248,245,249,251,|]
0-4 0 0 0 [0,0,0,0,0,0,0,0,] [unAssigned,unAssigned,unAssigned,unAssigned,unAssigned,unAssigned,] [-1,-1,-1,-1,|-1,-1,-1,-1,|-1,-1,-1,-1,|-1,-1,-1,-1,|-1,-1,-1,-1,|-1,-1,-1,-1,|]
0-4-0 2 3 904 [37,38,39,40,258,259,260,261,] [node-0-4-0->face-0,node-0-4-0->face-1,node-0-4-0->face-2,node-0-4-0->face-3,node-0-4-0->face-4,node-0-4-0->face-5,] [37,38,259,258,|38,39,260,259,|39,40,261,260,|37,258,261,40,|259,260,261,258,|38,37,40,39,|]
0-4-1 0 0 904 [38,41,42,39,259,262,263,260,] [node-0-4-1->face-0,node-0-4-1->face-1,node-0-4-1->face-2,node-0-4-1->face-3,node-0-4-1->face-4,node-0-4-1->face-5,] [38,41,262,259,|41,42,263,262,|42,39,260,263,|38,259,260,39,|262,263,260,259,|41,38,39,42,|]
0-4-2 0 0 904 [40,39,43,44,261,260,264,265,] [node-0-4-2->face-0,node-0-4-2->face-1,node-0-4-2->face-2,node-0-4-2->face-3,node-0-4-2->face-4,node-0-4-2->face-5,] [40,39,260,261,|39,43,264,260,|43,44,265,264,|40,261,265,44,|260,264,265,261,|39,40,44,43,|]
0-4-3 2 4 904 [39,42,45,43,260,263,266,264,] [node-0-4-3->face-0,node-0-4-3->face-1,node-0-4-3->face-2,node-0-4-3->face-3,node-0-4-3->face-4,node-0-4-3->face-5,] [39,42,263,260,|42,45,266,263,|45,43,264,266,|39,260,264,43,|263,266,264,260,|42,39,43,45,|]
0-4-4 0 0 0 [0,0,0,0,0,0,0,0,] [unAssigned,unAssigned,unAssigned,unAssigned,unAssigned,unAssigned,] [-1,-1,-1,-1,|-1,-1,-1,-1,|-1,-1,-1,-1,|-1,-1,-1,-1,|-1,-1,-1,-1,|-1,-1,-1,-1,|]
0-4-4-0 1 2 904 [258,267,268,269,270,271,272,273,] [node-0-4-4-0->face-0,node-0-4-4-0->face-1,node-0-4-4-0->face-2,node-0-4-4-0->face-3,node-0-4-4-0->face-4,node-0-4-4-0->face-5,] [258,267,271,270,|267,268,272,271,|268,269,273,272,|258,270,273,269,|271,272,273,270,|267,258,269,268,|]
0-4-4-1 0 0 904 [267,259,274,268,271,275,276,272,] [node-0-4-4-1->face-0,node-0-4-4-1->face-1,node-0-4-4-1->face-2,node-0-4-4-1->face-3,node-0-4-4-1->face-4,node-0-4-4-1->face-5,] [267,259,275,271,|259,274,276,275,|274,268,272,276,|267,271,272,268,|275,276,272,271,|259,267,268,274,|]
0-4-4-2 0 0 904 [269,268,277,261,273,272,278,279,] [node-0-4-4-2->face-0,node-0-4-4-2->face-1,node-0-4-4-2->face-2,node-0-4-4-2->face-3,node-0-4-4-2->face-4,node-0-4-4-2->face-5,] [269,268,272,273,|268,277,278,272,|277,261,279,278,|269,273,279,261,|272,278,279,273,|268,269,261,277,|]
0-4-4-3 0 0 904 [268,274,260,277,272,276,280,278,] [node-0-4-4-3->face-0,node-0-4-4-3->face-1,node-0-4-4-3->face-2,node-0-4-4-3->face-3,node-0-4-4-3->face-4,node-0-4-4-3->face-5,] [268,274,276,272,|274,260,280,276,|260,277,278,280,|268,272,278,277,|276,280,278,272,|274,268,277,260,|]
0-4-4-4 1 3 904 [270,271,272,273,281,282,283,284,] [node-0-4-4-4->face-0,node-0-4-4-4->face-1,node-0-4-4-4->face-2,node-0-4-4-4->face-3,node-0-4-4-4->face-4,node-0-4-4-4->face-5,] [270,271,282,281,|271,272,283,282,|272,273,284,283,|270,281,284,273,|282,283,284,281,|271,270,273,272,|]
0-4-4-5 1 2 904 [271,275,276,272,282,285,286,283,] [node-0-4-4-5->face-0,node-0-4-4-5->face-1,node-0-4-4-5->face-2,node-0-4-4-5->face-3,node-0-4-4-5->face-4,node-0-4-4-5->face-5,] [271,275,285,282,|275,276,286,285,|276,272,283,286,|271,282,283,272,|285,286,283,282,|275,271,272,276,|]
0-4-4-6 1 2 904 [273,272,278,279,284,283,287,288,] [node-0-4-4-6->face-0,node-0-4-4-6->face-1,node-0-4-4-6->face-2,node-0-4-4-6->face-3,node-0-4-4-6->face-4,node-0-4-4-6->face-5,] [273,272,283,284,|272,278,287,283,|278,279,288,287,|273,284,288,279,|283,287,288,284,|272,273,279,278,|]
0-4-4-7 0 0 904 [272,276,280,278,283,286,289,287,] [node-0-4-4-7->face-0,node-0-4-4-7->face-1,node-0-4-4-7->face-2,node-0-4-4-7->face-3,node-0-4-4-7->face-4,node-0-4-4-7->face-5,] [272,276,286,283,|276,280,289,286,|280,278,287,289,|272,283,287,278,|286,289,287,283,|276,272,278,280,|]
0-4-5 2 3 904 [259,262,263,260,285,290,291,289,] [node-0-4-5->face-0,node-0-4-5->face-1,node-0-4-5->face-2,node-0-4-5->face-3,node-0-4-5->face-4,node-0-4-5->face-5,] [259,262,290,285,|262,263,291,290,|263,260,289,291,|259,285,289,260,|290,291,289,285,|262,259,260,263,|]
0-4-6 2 3 904 [261,260,264,265,288,289,292,293,] [node-0-4-6->face-0,node-0-4-6->face-1,node-0-4-6->face-2,node-0-4-6->face-3,node-0-4-6->face-4,node-0-4-6->face-5,] [261,260,289,288,|260,264,292,289,|264,265,293,292,|261,288,293,265,|289,292,293,288,|260,261,265,264,|]
0-4-7 0 0 904 [260,263,266,264,289,291,294,292,] [node-0-4-7->face-0,node-0-4-7->face-1,node-0-4-7->face-2,node-0-4-7->face-3,node-0-4-7->face-4,node-0-4-7->face-5,] [260,263,291,289,|263,266,294,291,|266,264,292,294,|260,289,292,264,|291,294,292,289,|263,260,264,266,|]
0-5 0 0 0 [0,0,0,0,0,0,0,0,] [unAssigned,unAssigned,unAssigned,unAssigned,unAssigned,unAssigned,] [-1,-1,-1,-1,|-1,-1,-1,-1,|-1,-1,-1,-1,|-1,-1,-1,-1,|-1,-1,-1,-1,|-1,-1,-1,-1,|]
0-5-0 0 0 904 [41,115,116,42,262,295,296,263,] [node-0-5-0->face-0,node-0-5-0->face-1,node-0-5-0->face-2,node-0-5-0->face-3,node-0-5-0->face-4,node-0-5-0->face-5,] [41,115,295,262,|115,116,296,295,|116,42,263,296,|41,262,263,42,|295,296,263,262,|115,41,42,116,|]
0-5-1 2 3 904 [115,117,118,116,295,297,298,296,] [node-0-5-1->face-0,node-0-5-1->face-1,node-0-5-1->face-2,node-0-5-1->face-3,node-0-5-1->face-4,node-0-5-1->face-5,] [115,117,297,295,|117,118,298,297,|118,116,296,298,|115,295,296,116,|297,298,296,295,|117,115,116,118,|]
0-5-2 2 3 904 [42,116,119,45,263,296,299,266,] [node-0-5-2->face-0,node-0-5-2->face-1,node-0-5-2->face-2,node-0-5-2->face-3,node-0-5-2->face-4,node-0-5-2->face-5,] [42,116,296,263,|116,119,299,296,|119,45,266,299,|42,263,266,45,|296,299,266,263,|116,42,45,119,|]
0-5-3 2 4 904 [116,118,120,119,296,298,300,299,] [node-0-5-3->face-0,node-0-5-3->face-1,node-0-5-3->face-2,node-0-5-3->face-3,node-0-5-3->face-4,node-0-5-3->face-5,] [116,118,298,296,|118,120,300,298,|120,119,299,300,|116,296,299,119,|298,300,299,296,|118,116,119,120,|]
0-5-4 2 3 904 [262,295,296,263,290,301,302,291,] [node-0-5-4->face-0,node-0-5-4->face-1,node-0-5-4->face-2,node-0-5-4->face-3,node-0-5-4->face-4,node-0-5-4->face-5,] [262,295,301,290,|295,296,302,301,|296,263,291,302,|262,290,291,263,|301,302,291,290,|295,262,263,296,|]
0-5-5 0 0 0 [0,0,0,0,0,0,0,0,] [unAssigned,unAssigned,unAssigned,unAssigned,unAssigned,unAssigned,] [-1,-1,-1,-1,|-1,-1,-1,-1,|-1,-1,-1,-1,|-1,-1,-1,-1,|-1,-1,-1,-1,|-1,-1,-1,-1,|]
0-5-5-0 0 0 904 [295,303,304,305,306,307,308,309,] [node-0-5-5-0->face-0,node-0-5-5-0->face-1,node-0-5-5-0->face-2,node-0-5-5-0->face-3,node-0-5-5-0->face-4,node-0-5-5-0->face-5,] [295,303,307,306,|303,304,308,307,|304,305,309,308,|295,306,309,305,|307,308,309,306,|303,295,305,304,|]
0-5-5-1 1 2 904 [303,297,310,304,307,311,312,308,] [node-0-5-5-1->face-0,node-0-5-5-1->face-1,node-0-5-5-1->face-2,node-0-5-5-1->face-3,node-0-5-5-1->face-4,node-0-5-5-1->face-5,] [303,297,311,307,|297,310,312,311,|310,304,308,312,|303,307,308,304,|311,312,308,307,|297,303,304,310,|]
0-5-5-2 0 0 904 [305,304,313,296,309,308,314,315,] [node-0-5-5-2->face-0,node-0-5-5-2->face-1,node-0-5-5-2->face-2,node-0-5-5-2->face-3,node-0-5-5-2->face-4,node-0-5-5-2->face-5,] [305,304,308,309,|304,313,314,308,|313,296,315,314,|305,309,315,296,|308,314,315,309,|304,305,296,313,|]
0-5-5-3 0 0 904 [304,310,298,313,308,312,316,314,] [node-0-5-5-3->face-0,node-0-5-5-3->face-1,node-0-5-5-3->face-2,node-0-5-5-3->face-3,node-0-5-5-3->face-4,node-0-5-5-3->face-5,] [304,310,312,308,|310,298,316,312,|298,313,314,316,|304,308,314,313,|312,316,314,308,|310,304,313,298,|]
0-5-5-4 1 2 904 [306,307,308,309,301,317,318,319,] [node-0-5-5-4->face-0,node-0-5-5-4->face-1,node-0-5-5-4->face-2,node-0-5-5-4->face-3,node-0-5-5-4->face-4,node-0-5-5-4->face-5,] [306,307,317,301,|307,308,318,317,|308,309,319,318,|306,301,319,309,|317,318,319,301,|307,306,309,308,|]
0-5-5-5 1 3 904 [307,311,312,308,317,320,321,318,] [node-0-5-5-5->face-0,node-0-5-5-5->face-1,node-0-5-5-5->face-2,node-0-5-5-5->face-3,node-0-5-5-5->face-4,node-0-5-5-5->face-5,] [307,311,320,317,|311,312,321,320,|312,308,318,321,|307,317,318,308,|320,321,318,317,|311,307,308,312,|]
0-5-5-6 0 0 904 [309,308,314,315,319,318,322,302,] [node-0-5-5-6->face-0,node-0-5-5-6->face-1,node-0-5-5-6->face-2,node-0-5-5-6->face-3,node-0-5-5-6->face-4,node-0-5-5-6->face-5,] [309,308,318,319,|308,314,322,318,|314,315,302,322,|309,319,302,315,|318,322,302,319,|308,309,315,314,|]
0-5-5-7 1 2 904 [308,312,316,314,318,321,323,322,] [node-0-5-5-7->face-0,node-0-5-5-7->face-1,node-0-5-5-7->face-2,node-0-5-5-7->face-3,node-0-5-5-7->face-4,node-0-5-5-7->face-5,] [308,312,321,318,|312,316,323,321,|316,314,322,323,|308,318,322,314,|321,323,322,318,|312,308,314,316,|]
0-5-6 0 0 904 [263,296,299,266,291,302,324,294,] [node-0-5-6->face-0,node-0-5-6->face-1,node-0-5-6->face-2,node-0-5-6->face-3,node-0-5-6->face-4,node-0-5-6->face-5,] [263,296,302,291,|296,299,324,302,|299,266,294,324,|263,291,294,266,|302,324,294,291,|296,263,266,299,|]
0-5-7 2 3 904 [296,298,300,299,302,323,325,324,] [node-0-5-7->face-0,node-0-5-7->face-1,node-0-5-7->face-2,node-0-5-7->face-3,node-0-5-7->face-4,node-0-5-7->face-5,] [296,298,323,302,|298,300,325,323,|300,299,324,325,|296,302,324,299,|323,325,324,302,|298,296,299,300,|]
0-6 0 0 0 [0,0,0,0,0,0,0,0,] [unAssigned,unAssigned,unAssigned,unAssigned,unAssigned,unAssigned,] [-1,-1,-1,-1,|-1,-1,-1,-1,|-1,-1,-1,-1,|-1,-1,-1,-1,|-1,-1,-1,-1,|-1,-1,-1,-1,|]
0-6-0 0 0 904 [44,43,189,190,265,264,326,327,] [node-0-6-0->face-0,node-0-6-0->face-1,node-0-6-0->face-2,node-0-6-0->face-3,node-0-6-0->face-4,node-0-6-0->face-5,] [44,43,264,265,|43,189,326,264,|189,190,327,326,|44,265,327,190,|264,326,327,265,|43,44,190,189,|]
0-6-1 2 3 904 [43,45,191,189,264,266,328,326,] [node-0-6-1->face-0,node-0-6-1->face-1,node-0-6-1->face-2,node-0-6-1->face-3,node-0-6-1->face-4,node-0-6-1->face-5,] [43,45,266,264,|45,191,328,266,|191,189,326,328,|43,264,326,189,|266,328,326,264,|45,43,189,191,|]
0-6-2 2 3 904 [190,189,192,193,327,326,329,330,] [node-0-6-2->face-0,node-0-6-2->face-1,node-0-6-2->face-2,node-0-6-2->face-3,node-0-6-2->face-4,node-0-6-2->face-5,] [190,189,326,327,|189,192,329,326,|192,193,330,329,|190,327,330,193,|326,329,330,327,|189,190,193,192,|]
0-6-3 2 4 904 [189,191,194,192,326,328,331,329,] [node-0-6-3->face-0,node-0-6-3->face-1,node-0-6-3->face-2,node-0-6-3->face-3,node-0-6-3->face-4,node-0-6-3->face-5,] [189,191,328,326,|191,194,331,328,|194,192,329,331,|189,326,329,192,|328,331,329,326,|191,189,192,194,|]
0-6-4 2 3 904 [265,264,326,327,293,292,332,333,] [node-0-6-4->face-0,node-0-6-4->face-1,node-0-6-4->face-2,node-0-6-4->face-3,node-0-6-4->face-4,node-0-6-4->face-5,] [265,264,292,293,|264,326,332,292,|326,327,333,332,|265,293,333,327,|292,332,333,293,|264,265,327,326,|]
0-6-5 0 0 904 [264,266,328,326,292,294,334,332,] [node-0-6-5->face-0,node-0-6-5->face-1,node-0-6-5->face-2,node-0-6-5->face-3,node-0-6-5->face-4,node-0-6-5->face-5,] [264,266,294,292,|266,328,334,294,|328,326,332,334,|264,292,332,326,|294,334,332,292,|266,264,326,328,|]
0-6-6 0 0 0 [0,0,0,0,0,0,0,0,] [unAssigned,unAssigned,unAssigned,unAssigned,unAssigned,unAssigned,] [-1,-1,-1,-1,|-1,-1,-1,-1,|-1,-1,-1,-1,|-1,-1,-1,-1,|-1,-1,-1,-1,|-1,-1,-1,-1,|]
0-6-6-0 0 0 904 [327,335,336,337,338,339,340,341,] [node-0-6-6-0->face-0,node-0-6-6-0->face-1,node-0-6-6-0->face-2,node-0-6-6-0->face-3,node-0-6-6-0->face-4,node-0-6-6-0->face-5,] [327,335,339,338,|335,336,340,339,|336,337,341,340,|327,338,341,337,|339,340,341,338,|335,327,337,336,|]
0-6-6-1 0 0 904 [335,326,342,336,339,343,344,340,] [node-0-6-6-1->face-0,node-0-6-6-1->face-1,node-0-6-6-1->face-2,node-0-6-6-1->face-3,node-0-6-6-1->face-4,node-0-6-6-1->face-5,] [335,326,343,339,|326,342,344,343,|342,336,340,344,|335,339,340,336,|343,344,340,339,|326,335,336,342,|]
0-6-6-2 1 2 904 [337,336,345,330,341,340,346,347,] [node-0-6-6-2->face-0,node-0-6-6-2->face-1,node-0-6-6-2->face-2,node-0-6-6-2->face-3,node-0-6-6-2->face-4,node-0-6-6-2->face-5,] [337,336,340,341,|336,345,346,340,|345,330,347,346,|337,341,347,330,|340,346,347,341,|336,337,330,345,|]
0-6-6-3 0 0 904 [336,342,329,345,340,344,348,346,] [node-0-6-6-3->face-0,node-0-6-6-3->face-1,node-0-6-6-3->face-2,node-0-6-6-3->face-3,node-0-6-6-3->face-4,node-0-6-6-3->face-5,] [336,342,344,340,|342,329,348,344,|329,345,346,348,|336,340,346,345,|344,348,346,340,|342,336,345,329,|]
0-6-6-4 1 2 904 [338,339,340,341,333,349,350,351,] [node-0-6-6-4->face-0,node-0-6-6-4->face-1,node-0-6-6-4->face-2,node-0-6-6-4->face-3,node-0-6-6-4->face-4,node-0-6-6-4->face-5,] [338,339,349,333,|339,340,350,349,|340,341,351,350,|338,333,351,341,|349,350,351,333,|339,338,341,340,|]
0-6-6-5 0 0 904 [339,343,344,340,349,332,352,350,] [node-0-6-6-5->face-0,node-0-6-6-5->face-1,node-0-6-6-5->face-2,node-0-6-6-5->face-3,node-0-6-6-5->face-4,node-0-6-6-5->face-5,] [339,343,332,349,|343,344,352,332,|344,340,350,352,|339,349,350,340,|332,352,350,349,|343,339,340,344,|]
0-6-6-6 1 3 904 [341,340,346,347,351,350,353,354,] [node-0-6-6-6->face-0,node-0-6-6-6->face-1,node-0-6-6-6->face-2,node-0-6-6-6->face-3,node-0-6-6-6->face-4,node-0-6-6-6->face-5,] [341,340,350,351,|340,346,353,350,|346,347,354,353,|341,351,354,347,|350,353,354,351,|340,341,347,346,|]
0-6-6-7 1 2 904 [340,344,348,346,350,352,355,353,] [node-0-6-6-7->face-0,node-0-6-6-7->face-1,node-0-6-6-7->face-2,node-0-6-6-7->face-3,node-0-6-6-7->face-4,node-0-6-6-7->face-5,] [340,344,352,350,|344,348,355,352,|348,346,353,355,|340,350,353,346,|352,355,353,350,|344,340,346,348,|]
0-6-7 2 3 904 [326,328,331,329,332,334,356,355,] [node-0-6-7->face-0,node-0-6-7->face-1,node-0-6-7->face-2,node-0-6-7->face-3,node-0-6-7->face-4,node-0-6-7->face-5,] [326,328,334,332,|328,331,356,334,|331,329,355,356,|326,332,355,329,|334,356,355,332,|328,326,329,331,|]
0-7 0 0 0 [0,0,0,0,0,0,0,0,] [unAssigned,unAssigned,unAssigned,unAssigned,unAssigned,unAssigned,] [-1,-1,-1,-1,|-1,-1,-1,-1,|-1,-1,-1,-1,|-1,-1,-1,-1,|-1,-1,-1,-1,|-1,-1,-1,-1,|]
0-7-0 0 0 904 [45,119,240,191,266,299,357,328,] [node-0-7-0->face-0,node-0-7-0->face-1,node-0-7-0->face-2,node-0-7-0->face-3,node-0-7-0->face-4,node-0-7-0->face-5,] [45,119,299,266,|119,240,357,299,|240,191,328,357,|45,266,328,191,|299,357,328,266,|119,45,191,240,|]
0-7-1 2 3 904 [119,120,241,240,299,300,358,357,] [node-0-7-1->face-0,node-0-7-1->face-1,node-0-7-1->face-2,node-0-7-1->face-3,node-0-7-1->face-4,node-0-7-1->face-5,] [119,120,300,299,|120,241,358,300,|241,240,357,358,|119,299,357,240,|300,358,357,299,|120,119,240,241,|]
0-7-2 2 3 904 [191,240,242,194,328,357,359,331,] [node-0-7-2->face-0,node-0-7-2->face-1,node-0-7-2->face-2,node-0-7-2->face-3,node-0-7-2->face-4,node-0-7-2->face-5,] [191,240,357,328,|240,242,359,357,|242,194,331,359,|191,328,331,194,|357,359,331,328,|240,191,194,242,|]
0-7-3 0 0 0 [0,0,0,0,0,0,0,0,] [unAssigned,unAssigned,unAssigned,unAssigned,unAssigned,unAssigned,] [-1,-1,-1,-1,|-1,-1,-1,-1,|-1,-1,-1,-1,|-1,-1,-1,-1,|-1,-1,-1,-1,|-1,-1,-1,-1,|]
0-7-3-0 1 2 904 [240,252,253,254,360,361,362,363,] [node-0-7-3-0->face-0,node-0-7-3-0->face-1,node-0-7-3-0->face-2,node-0-7-3-0->face-3,node-0-7-3-0->face-4,node-0-7-3-0->face-5,] [240,252,361,360,|252,253,362,361,|253,254,363,362,|240,360,363,254,|361,362,363,360,|252,240,254,253,|]
0-7-3-1 0 0 904 [252,241,255,253,361,364,365,362,] [node-0-7-3-1->face-0,node-0-7-3-1->face-1,node-0-7-3-1->face-2,node-0-7-3-1->face-3,node-0-7-3-1->face-4,node-0-7-3-1->face-5,] [252,241,364,361,|241,255,365,364,|255,253,362,365,|252,361,362,253,|364,365,362,361,|241,252,253,255,|]
0-7-3-2 0 0 904 [254,253,256,242,363,362,366,367,] [node-0-7-3-2->face-0,node-0-7-3-2->face-1,node-0-7-3-2->face-2,node-0-7-3-2->face-3,node-0-7-3-2->face-4,node-0-7-3-2->face-5,] [254,253,362,363,|253,256,366,362,|256,242,367,366,|254,363,367,242,|362,366,367,363,|253,254,242,256,|]
0-7-3-3 1 2 904 [253,255,257,256,362,365,368,366,] [node-0-7-3-3->face-0,node-0-7-3-3->face-1,node-0-7-3-3->face-2,node-0-7-3-3->face-3,node-0-7-3-3->face-4,node-0-7-3-3->face-5,] [253,255,365,362,|255,257,368,365,|257,256,366,368,|253,362,366,256,|365,368,366,362,|255,253,256,257,|]
0-7-3-4 1 3 904 [360,361,362,363,357,369,370,371,] [node-0-7-3-4->face-0,node-0-7-3-4->face-1,node-0-7-3-4->face-2,node-0-7-3-4->face-3,node-0-7-3-4->face-4,node-0-7-3-4->face-5,] [360,361,369,357,|361,362,370,369,|362,363,371,370,|360,357,371,363,|369,370,371,357,|361,360,363,362,|]
0-7-3-5 0 0 904 [361,364,365,362,369,358,372,370,] [node-0-7-3-5->face-0,node-0-7-3-5->face-1,node-0-7-3-5->face-2,node-0-7-3-5->face-3,node-0-7-3-5->face-4,node-0-7-3-5->face-5,] [361,364,358,369,|364,365,372,358,|365,362,370,372,|361,369,370,362,|358,372,370,369,|364,361,362,365,|]
0-7-3-6 0 0 904 [363,362,366,367,371,370,373,359,] [node-0-7-3-6->face-0,node-0-7-3-6->face-1,node-0-7-3-6->face-2,node-0-7-3-6->face-3,node-0-7-3-6->face-4,node-0-7-3-6->face-5,] [363,362,370,371,|362,366,373,370,|366,367,359,373,|363,371,359,367,|370,373,359,371,|362,363,367,366,|]
0-7-3-7 1 2 904 [362,365,368,366,370,372,374,373,] [node-0-7-3-7->face-0,node-0-7-3-7->face-1,node-0-7-3-7->face-2,node-0-7-3-7->face-3,node-0-7-3-7->face-4,node-0-7-3-7->face-5,] [362,365,372,370,|365,368,374,372,|368,366,373,374,|362,370,373,366,|372,374,373,370,|365,362,366,368,|]
0-7-4 0 0 904 [266,299,357,328,294,324,375,334,] [node-0-7-4->face-0,node-0-7-4->face-1,node-0-7-4->face-2,node-0-7-4->face-3,node-0-7-4->face-4,node-0-7-4->face-5,] [266,299,324,294,|299,357,375,324,|357,328,334,375,|266,294,334,328,|324,375,334,294,|299,266,328,357,|]
0-7-5 2 3 904 [299,300,358,357,324,325,376,375,] [node-0-7-5->face-0,node-0-7-5->face-1,node-0-7-5->face-2,node-0-7-5->face-3,node-0-7-5->face-4,node-0-7-5->face-5,] [299,300,325,324,|300,358,376,325,|358,357,375,376,|299,324,375,357,|325,376,375,324,|300,299,357,358,|]
0-7-6 2 3 904 [328,357,359,331,334,375,377,356,] [node-0-7-6->face-0,node-0-7-6->face-1,node-0-7-6->face-2,node-0-7-6->face-3,node-0-7-6->face-4,node-0-7-6->face-5,] [328,357,375,334,|357,359,377,375,|359,331,356,377,|328,334,356,331,|375,377,356,334,|357,328,331,359,|]
0-7-7 0 0 0 [0,0,0,0,0,0,0,0,] [unAssigned,unAssigned,unAssigned,unAssigned,unAssigned,unAssigned,] [-1,-1,-1,-1,|-1,-1,-1,-1,|-1,-1,-1,-1,|-1,-1,-1,-1,|-1,-1,-1,-1,|-1,-1,-1,-1,|]
0-7-7-0 0 0 904 [357,369,370,371,378,379,380,381,] [node-0-7-7-0->face-0,node-0-7-7-0->face-1,node-0-7-7-0->face-2,node-0-7-7-0->face-3,node-0-7-7-0->face-4,node-0-7-7-0->face-5,] [357,369,379,378,|369,370,380,379,|370,371,381,380,|357,378,381,371,|379,380,381,378,|369,357,371,370,|]
0-7-7-1 0 0 904 [369,358,372,370,379,382,383,380,] [node-0-7-7-1->face-0,node-0-7-7-1->face-1,node-0-7-7-1->face-2,node-0-7-7-1->face-3,node-0-7-7-1->face-4,node-0-7-7-1->face-5,] [369,358,382,379,|358,372,383,382,|372,370,380,383,|369,379,380,370,|382,383,380,379,|358,369,370,372,|]
0-7-7-2 0 0 904 [371,370,373,359,381,380,384,385,] [node-0-7-7-2->face-0,node-0-7-7-2->face-1,node-0-7-7-2->face-2,node-0-7-7-2->face-3,node-0-7-7-2->face-4,node-0-7-7-2->face-5,] [371,370,380,381,|370,373,384,380,|373,359,385,384,|371,381,385,359,|380,384,385,381,|370,371,359,373,|]
0-7-7-3 1 2 904 [370,372,374,373,380,383,386,384,] [node-0-7-7-3->face-0,node-0-7-7-3->face-1,node-0-7-7-3->face-2,node-0-7-7-3->face-3,node-0-7-7-3->face-4,node-0-7-7-3->face-5,] [370,372,383,380,|372,374,386,383,|374,373,384,386,|370,380,384,373,|383,386,384,380,|372,370,373,374,|]
0-7-7-4 0 0 904 [378,379,380,381,375,387,388,389,] [node-0-7-7-4->face-0,node-0-7-7-4->face-1,node-0-7-7-4->face-2,node-0-7-7-4->face-3,node-0-7-7-4->face-4,node-0-7-7-4->face-5,] [378,379,387,375,|379,380,388,387,|380,381,389,388,|378,375,389,381,|387,388,389,375,|379,378,381,380,|]
0-7-7-5 1 2 904 [379,382,383,380,387,376,390,388,] [node-0-7-7-5->face-0,node-0-7-7-5->face-1,node-0-7-7-5->face-2,node-0-7-7-5->face-3,node-0-7-7-5->face-4,node-0-7-7-5->face-5,] [379,382,376,387,|382,383,390,376,|383,380,388,390,|379,387,388,380,|376,390,388,387,|382,379,380,383,|]
0-7-7-6 1 2 904 [381,380,384,385,389,388,391,377,] [node-0-7-7-6->face-0,node-0-7-7-6->face-1,node-0-7-7-6->face-2,node-0-7-7-6->face-3,node-0-7-7-6->face-4,node-0-7-7-6->face-5,] [381,380,388,389,|380,384,391,388,|384,385,377,391,|381,389,377,385,|388,391,377,389,|380,381,385,384,|]
0-7-7-7 1 3 904 [380,383,386,384,388,390,392,391,] [node-0-7-7-7->face-0,node-0-7-7-7->face-1,node-0-7-7-7->face-2,node-0-7-7-7->face-3,node-0-7-7-7->face-4,node-0-7-7-7->face-5,] [380,383,390,388,|383,386,392,390,|386,384,391,392,|380,388,391,384,|390,392,391,388,|383,380,384,386,|]
