FoamFile
{
    version     2.0;
    format      ascii;
    class       faceList;
    location    "constant/polyMesh";
    object      faces;
}

2097
(
4 ( 1 11 14 10 )
4 ( 10 14 21 2 )
4 ( 11 5 26 14 )
4 ( 14 26 6 21 )
4 ( 3 31 35 34 )
4 ( 31 2 21 35 )
4 ( 34 35 46 7 )
4 ( 35 21 6 46 )
6 ( 46 7 4 5 26 6 )
4 ( 8 9 13 12 )
4 ( 9 10 14 13 )
4 ( 12 13 14 11 )
4 ( 15 16 18 17 )
4 ( 16 9 13 18 )
4 ( 17 18 13 12 )
4 ( 9 19 20 13 )
4 ( 19 2 21 20 )
4 ( 13 20 21 14 )
4 ( 16 22 23 18 )
4 ( 22 19 20 23 )
4 ( 18 23 20 13 )
4 ( 12 13 25 24 )
4 ( 13 14 26 25 )
4 ( 24 25 26 5 )
4 ( 17 18 28 27 )
4 ( 18 13 25 28 )
4 ( 27 28 25 24 )
4 ( 13 20 29 25 )
4 ( 20 21 6 29 )
4 ( 25 29 6 26 )
4 ( 18 23 30 28 )
4 ( 23 20 29 30 )
4 ( 28 30 29 25 )
4 ( 31 32 36 35 )
4 ( 32 33 37 36 )
4 ( 35 36 37 34 )
4 ( 2 38 39 21 )
4 ( 38 32 36 39 )
4 ( 21 39 36 35 )
4 ( 32 40 42 36 )
4 ( 40 41 43 42 )
4 ( 36 42 43 37 )
4 ( 38 44 45 39 )
4 ( 44 40 42 45 )
4 ( 39 45 42 36 )
4 ( 35 36 47 46 )
4 ( 36 37 48 47 )
4 ( 46 47 48 7 )
4 ( 21 39 49 6 )
4 ( 39 36 47 49 )
4 ( 6 49 47 46 )
4 ( 36 42 50 47 )
4 ( 42 43 51 50 )
4 ( 47 50 51 48 )
4 ( 39 45 52 49 )
4 ( 45 42 50 52 )
4 ( 49 52 50 47 )
5 ( 30 23 22 53 54 )
5 ( 54 53 44 45 52 )
6 ( 52 49 6 29 30 54 )
5 ( 57 56 5 26 6 )
5 ( 58 57 6 46 7 )
4 ( 56 57 58 55 )
5 ( 60 59 27 28 30 )
5 ( 30 29 6 57 60 )
4 ( 59 60 57 56 )
5 ( 61 57 6 49 52 )
5 ( 61 52 50 51 62 )
4 ( 57 61 62 58 )
4 ( 30 54 63 60 )
4 ( 54 52 61 63 )
4 ( 60 63 61 57 )
4 ( 64 65 67 66 )
5 ( 67 65 22 23 30 )
5 ( 30 28 27 66 67 )
4 ( 68 165 168 164 )
4 ( 164 168 175 69 )
4 ( 165 70 180 168 )
4 ( 168 180 71 175 )
5 ( 175 69 65 67 71 )
5 ( 71 67 66 70 180 )
4 ( 65 72 73 67 )
4 ( 72 53 54 73 )
4 ( 67 73 54 30 )
5 ( 71 175 69 74 75 )
4 ( 74 72 73 75 )
4 ( 71 75 73 67 )
4 ( 66 67 77 76 )
4 ( 67 30 60 77 )
4 ( 76 77 60 59 )
5 ( 79 78 70 180 71 )
4 ( 71 67 77 79 )
4 ( 78 79 77 76 )
4 ( 67 73 80 77 )
4 ( 73 54 63 80 )
4 ( 77 80 63 60 )
4 ( 71 75 81 79 )
4 ( 75 73 80 81 )
4 ( 79 81 80 77 )
5 ( 52 45 44 82 84 )
4 ( 82 83 85 84 )
5 ( 85 51 50 52 84 )
4 ( 53 86 87 54 )
4 ( 86 82 84 87 )
4 ( 54 87 84 52 )
5 ( 90 84 82 88 341 )
4 ( 89 333 337 336 )
4 ( 333 88 341 337 )
4 ( 336 337 349 91 )
4 ( 337 341 90 349 )
5 ( 91 85 84 90 349 )
4 ( 86 92 93 87 )
5 ( 93 92 88 341 90 )
4 ( 87 93 90 84 )
4 ( 52 84 94 61 )
4 ( 84 85 95 94 )
4 ( 61 94 95 62 )
4 ( 54 87 96 63 )
4 ( 87 84 94 96 )
4 ( 63 96 94 61 )
4 ( 84 90 97 94 )
5 ( 98 97 90 349 91 )
4 ( 94 97 98 95 )
4 ( 87 93 99 96 )
4 ( 93 90 97 99 )
4 ( 96 99 97 94 )
4 ( 72 100 101 73 )
4 ( 100 86 87 101 )
4 ( 73 101 87 54 )
4 ( 74 102 103 75 )
4 ( 102 100 101 103 )
4 ( 75 103 101 73 )
4 ( 100 104 105 101 )
4 ( 104 92 93 105 )
4 ( 101 105 93 87 )
4 ( 102 106 107 103 )
4 ( 106 104 105 107 )
4 ( 103 107 105 101 )
4 ( 73 101 108 80 )
4 ( 101 87 96 108 )
4 ( 80 108 96 63 )
4 ( 75 103 109 81 )
4 ( 103 101 108 109 )
4 ( 81 109 108 80 )
4 ( 101 105 110 108 )
4 ( 105 93 99 110 )
4 ( 108 110 99 96 )
4 ( 103 107 111 109 )
4 ( 107 105 110 111 )
4 ( 109 111 110 108 )
4 ( 56 57 114 113 )
4 ( 57 58 115 114 )
4 ( 113 114 115 112 )
4 ( 59 60 117 116 )
4 ( 60 57 114 117 )
4 ( 116 117 114 113 )
4 ( 57 61 118 114 )
4 ( 61 62 119 118 )
4 ( 114 118 119 115 )
4 ( 60 63 120 117 )
4 ( 63 61 118 120 )
4 ( 117 120 118 114 )
4 ( 113 114 123 122 )
4 ( 114 115 124 123 )
4 ( 122 123 124 121 )
4 ( 116 117 126 125 )
4 ( 117 114 123 126 )
4 ( 125 126 123 122 )
4 ( 114 118 127 123 )
4 ( 118 119 128 127 )
4 ( 123 127 128 124 )
4 ( 117 120 129 126 )
4 ( 120 118 127 129 )
4 ( 126 129 127 123 )
4 ( 76 77 131 130 )
4 ( 77 60 117 131 )
4 ( 130 131 117 116 )
4 ( 78 79 133 132 )
4 ( 79 77 131 133 )
4 ( 132 133 131 130 )
4 ( 77 80 134 131 )
4 ( 80 63 120 134 )
4 ( 131 134 120 117 )
4 ( 79 81 135 133 )
4 ( 81 80 134 135 )
4 ( 133 135 134 131 )
4 ( 130 131 137 136 )
4 ( 131 117 126 137 )
4 ( 136 137 126 125 )
4 ( 132 133 139 138 )
4 ( 133 131 137 139 )
4 ( 138 139 137 136 )
4 ( 131 134 140 137 )
4 ( 134 120 129 140 )
4 ( 137 140 129 126 )
4 ( 133 135 141 139 )
4 ( 135 134 140 141 )
4 ( 139 141 140 137 )
4 ( 61 94 142 118 )
4 ( 94 95 143 142 )
4 ( 118 142 143 119 )
4 ( 63 96 144 120 )
4 ( 96 94 142 144 )
4 ( 120 144 142 118 )
4 ( 94 97 145 142 )
4 ( 97 98 146 145 )
4 ( 142 145 146 143 )
4 ( 96 99 147 144 )
4 ( 99 97 145 147 )
4 ( 144 147 145 142 )
4 ( 118 142 148 127 )
4 ( 142 143 149 148 )
4 ( 127 148 149 128 )
4 ( 120 144 150 129 )
4 ( 144 142 148 150 )
4 ( 129 150 148 127 )
4 ( 142 145 151 148 )
4 ( 145 146 152 151 )
4 ( 148 151 152 149 )
4 ( 144 147 153 150 )
4 ( 147 145 151 153 )
4 ( 150 153 151 148 )
4 ( 80 108 154 134 )
4 ( 108 96 144 154 )
4 ( 134 154 144 120 )
4 ( 81 109 155 135 )
4 ( 109 108 154 155 )
4 ( 135 155 154 134 )
4 ( 108 110 156 154 )
4 ( 110 99 147 156 )
4 ( 154 156 147 144 )
4 ( 109 111 157 155 )
4 ( 111 110 156 157 )
4 ( 155 157 156 154 )
4 ( 134 154 158 140 )
4 ( 154 144 150 158 )
4 ( 140 158 150 129 )
4 ( 135 155 159 141 )
4 ( 155 154 158 159 )
4 ( 141 159 158 140 )
4 ( 154 156 160 158 )
4 ( 156 147 153 160 )
4 ( 158 160 153 150 )
4 ( 155 157 161 159 )
4 ( 157 156 160 161 )
4 ( 159 161 160 158 )
4 ( 162 163 167 166 )
4 ( 163 164 168 167 )
4 ( 166 167 168 165 )
4 ( 169 170 172 171 )
4 ( 170 163 167 172 )
4 ( 171 172 167 166 )
4 ( 163 173 174 167 )
4 ( 173 69 175 174 )
4 ( 167 174 175 168 )
4 ( 170 176 177 172 )
4 ( 176 173 174 177 )
4 ( 172 177 174 167 )
4 ( 166 167 179 178 )
4 ( 167 168 180 179 )
4 ( 178 179 180 70 )
4 ( 171 172 182 181 )
4 ( 172 167 179 182 )
4 ( 181 182 179 178 )
4 ( 167 174 183 179 )
4 ( 174 175 71 183 )
4 ( 179 183 71 180 )
4 ( 172 177 184 182 )
4 ( 177 174 183 184 )
4 ( 182 184 183 179 )
4 ( 185 186 188 187 )
5 ( 188 186 176 177 184 )
5 ( 184 182 181 187 188 )
5 ( 184 177 176 189 190 )
4 ( 189 74 75 190 )
5 ( 190 75 71 183 184 )
4 ( 186 191 192 188 )
4 ( 191 189 190 192 )
4 ( 188 192 190 184 )
5 ( 194 193 181 182 184 )
5 ( 184 183 71 79 194 )
4 ( 193 194 79 78 )
4 ( 187 188 196 195 )
4 ( 188 184 194 196 )
4 ( 195 196 194 193 )
4 ( 184 190 197 194 )
4 ( 190 75 81 197 )
4 ( 194 197 81 79 )
4 ( 188 192 198 196 )
4 ( 192 190 197 198 )
4 ( 196 198 197 194 )
4 ( 199 206 209 205 )
4 ( 205 209 216 200 )
4 ( 206 201 221 209 )
4 ( 209 221 202 216 )
5 ( 216 200 186 188 202 )
5 ( 202 188 187 201 221 )
4 ( 203 204 208 207 )
4 ( 204 205 209 208 )
4 ( 207 208 209 206 )
4 ( 211 204 208 213 )
4 ( 212 213 208 207 )
4 ( 204 214 215 208 )
4 ( 214 200 216 215 )
4 ( 208 215 216 209 )
4 ( 217 214 215 218 )
4 ( 213 218 215 208 )
4 ( 207 208 220 219 )
4 ( 208 209 221 220 )
4 ( 219 220 221 201 )
4 ( 213 208 220 223 )
4 ( 222 223 220 219 )
4 ( 208 215 224 220 )
4 ( 215 216 202 224 )
4 ( 220 224 202 221 )
4 ( 218 215 224 225 )
4 ( 223 225 224 220 )
4 ( 200 216 231 229 )
4 ( 229 231 236 226 )
4 ( 216 202 240 231 )
4 ( 231 240 227 236 )
5 ( 236 226 191 192 227 )
5 ( 227 192 188 202 240 )
4 ( 214 228 230 215 )
4 ( 228 229 231 230 )
4 ( 215 230 231 216 )
4 ( 232 228 230 233 )
4 ( 218 233 230 215 )
4 ( 228 234 235 230 )
4 ( 234 226 236 235 )
4 ( 230 235 236 231 )
4 ( 237 234 235 238 )
4 ( 233 238 235 230 )
4 ( 215 230 239 224 )
4 ( 230 231 240 239 )
4 ( 224 239 240 202 )
4 ( 233 230 239 241 )
4 ( 225 241 239 224 )
4 ( 230 235 242 239 )
4 ( 235 236 227 242 )
4 ( 239 242 227 240 )
4 ( 238 235 242 243 )
4 ( 241 243 242 239 )
5 ( 245 244 201 221 202 )
4 ( 202 188 196 245 )
4 ( 244 245 196 195 )
5 ( 225 224 202 245 247 )
4 ( 246 247 245 244 )
5 ( 248 245 202 240 227 )
4 ( 227 192 198 248 )
4 ( 245 248 198 196 )
5 ( 243 242 227 248 249 )
4 ( 247 249 248 245 )
5 ( 251 190 189 250 259 )
5 ( 259 250 102 103 251 )
4 ( 190 251 103 75 )
5 ( 253 192 191 252 264 )
4 ( 250 256 260 259 )
4 ( 256 252 264 260 )
4 ( 259 260 271 251 )
4 ( 260 264 253 271 )
5 ( 271 251 190 192 253 )
4 ( 250 259 262 258 )
4 ( 258 262 268 254 )
4 ( 259 251 273 262 )
4 ( 262 273 255 268 )
5 ( 255 107 103 251 273 )
4 ( 256 257 261 260 )
4 ( 257 258 262 261 )
4 ( 260 261 262 259 )
4 ( 252 263 265 264 )
4 ( 263 257 261 265 )
4 ( 264 265 261 260 )
4 ( 257 266 267 261 )
4 ( 261 267 268 262 )
4 ( 263 269 270 265 )
4 ( 265 270 267 261 )
4 ( 260 261 272 271 )
4 ( 261 262 273 272 )
4 ( 271 272 273 251 )
4 ( 264 265 274 253 )
4 ( 265 261 272 274 )
4 ( 253 274 272 271 )
4 ( 261 267 275 272 )
4 ( 272 275 255 273 )
4 ( 265 270 276 274 )
4 ( 274 276 275 272 )
4 ( 190 251 277 197 )
4 ( 251 103 109 277 )
4 ( 197 277 109 81 )
4 ( 192 253 278 198 )
5 ( 253 271 251 277 278 )
4 ( 198 278 277 197 )
5 ( 279 277 251 273 255 )
4 ( 277 279 111 109 )
5 ( 280 278 253 274 276 )
4 ( 278 280 279 277 )
5 ( 227 236 226 281 282 )
5 ( 282 281 252 264 253 )
4 ( 227 282 253 192 )
4 ( 283 281 282 284 )
5 ( 284 282 227 242 243 )
5 ( 286 282 281 285 521 )
6 ( 521 285 269 270 276 286 )
5 ( 276 274 253 282 286 )
4 ( 285 518 522 521 )
4 ( 518 287 526 522 )
4 ( 521 522 533 286 )
4 ( 522 526 288 533 )
5 ( 533 286 282 284 288 )
4 ( 227 282 289 248 )
4 ( 282 253 278 289 )
4 ( 248 289 278 198 )
4 ( 284 282 289 290 )
4 ( 249 290 289 248 )
4 ( 282 286 291 289 )
4 ( 286 276 280 291 )
4 ( 289 291 280 278 )
5 ( 288 533 286 291 292 )
4 ( 290 292 291 289 )
4 ( 193 194 294 293 )
4 ( 194 79 133 294 )
4 ( 293 294 133 132 )
4 ( 195 196 296 295 )
4 ( 196 194 294 296 )
4 ( 295 296 294 293 )
4 ( 194 197 297 294 )
4 ( 197 81 135 297 )
4 ( 294 297 135 133 )
4 ( 196 198 298 296 )
4 ( 198 197 297 298 )
4 ( 296 298 297 294 )
4 ( 293 294 300 299 )
4 ( 294 133 139 300 )
4 ( 299 300 139 138 )
4 ( 295 296 302 301 )
4 ( 296 294 300 302 )
4 ( 301 302 300 299 )
4 ( 294 297 303 300 )
4 ( 297 135 141 303 )
4 ( 300 303 141 139 )
4 ( 296 298 304 302 )
4 ( 298 297 303 304 )
4 ( 302 304 303 300 )
4 ( 244 245 306 305 )
4 ( 245 196 296 306 )
4 ( 305 306 296 295 )
4 ( 247 245 306 308 )
4 ( 307 308 306 305 )
4 ( 245 248 309 306 )
4 ( 248 198 298 309 )
4 ( 306 309 298 296 )
4 ( 249 248 309 310 )
4 ( 308 310 309 306 )
4 ( 305 306 312 311 )
4 ( 306 296 302 312 )
4 ( 311 312 302 301 )
4 ( 308 306 312 314 )
4 ( 313 314 312 311 )
4 ( 306 309 315 312 )
4 ( 309 298 304 315 )
4 ( 312 315 304 302 )
4 ( 310 309 315 316 )
4 ( 314 316 315 312 )
4 ( 197 277 317 297 )
4 ( 277 109 155 317 )
4 ( 297 317 155 135 )
4 ( 198 278 318 298 )
4 ( 278 277 317 318 )
4 ( 298 318 317 297 )
4 ( 277 279 319 317 )
4 ( 317 319 157 155 )
4 ( 278 280 320 318 )
4 ( 318 320 319 317 )
4 ( 297 317 321 303 )
4 ( 317 155 159 321 )
4 ( 303 321 159 141 )
4 ( 298 318 322 304 )
4 ( 318 317 321 322 )
4 ( 304 322 321 303 )
4 ( 317 319 323 321 )
4 ( 321 323 161 159 )
4 ( 318 320 324 322 )
4 ( 322 324 323 321 )
4 ( 248 289 325 309 )
4 ( 289 278 318 325 )
4 ( 309 325 318 298 )
4 ( 290 289 325 326 )
4 ( 310 326 325 309 )
4 ( 289 291 327 325 )
4 ( 291 280 320 327 )
4 ( 325 327 320 318 )
4 ( 292 291 327 328 )
4 ( 326 328 327 325 )
4 ( 309 325 329 315 )
4 ( 325 318 322 329 )
4 ( 315 329 322 304 )
4 ( 326 325 329 330 )
4 ( 316 330 329 315 )
4 ( 325 327 331 329 )
4 ( 327 320 324 331 )
4 ( 329 331 324 322 )
4 ( 328 327 331 332 )
4 ( 330 332 331 329 )
4 ( 333 334 338 337 )
4 ( 334 335 339 338 )
4 ( 337 338 339 336 )
4 ( 88 340 342 341 )
4 ( 340 334 338 342 )
4 ( 341 342 338 337 )
4 ( 334 343 345 338 )
4 ( 343 344 346 345 )
4 ( 338 345 346 339 )
4 ( 340 347 348 342 )
4 ( 347 343 345 348 )
4 ( 342 348 345 338 )
4 ( 337 338 350 349 )
4 ( 338 339 351 350 )
4 ( 349 350 351 91 )
4 ( 341 342 352 90 )
4 ( 342 338 350 352 )
4 ( 90 352 350 349 )
4 ( 338 345 353 350 )
4 ( 345 346 354 353 )
4 ( 350 353 354 351 )
4 ( 342 348 355 352 )
4 ( 348 345 353 355 )
4 ( 352 355 353 350 )
4 ( 92 356 357 93 )
5 ( 357 356 347 348 355 )
5 ( 355 352 90 93 357 )
5 ( 355 348 347 358 360 )
4 ( 358 359 361 360 )
5 ( 361 354 353 355 360 )
4 ( 356 362 363 357 )
4 ( 362 358 360 363 )
4 ( 357 363 360 355 )
5 ( 364 97 90 352 355 )
5 ( 364 355 353 354 365 )
4 ( 97 364 365 98 )
4 ( 93 357 366 99 )
4 ( 357 355 364 366 )
4 ( 99 366 364 97 )
4 ( 355 360 367 364 )
4 ( 360 361 368 367 )
4 ( 364 367 368 365 )
4 ( 357 363 369 366 )
4 ( 363 360 367 369 )
4 ( 366 369 367 364 )
5 ( 371 105 104 370 379 )
5 ( 379 370 356 357 371 )
4 ( 105 371 357 93 )
4 ( 370 376 380 379 )
5 ( 391 371 105 107 373 )
4 ( 370 379 382 378 )
4 ( 378 382 388 374 )
4 ( 379 371 393 382 )
4 ( 382 393 375 388 )
5 ( 388 374 362 363 375 )
5 ( 375 363 357 371 393 )
4 ( 377 378 382 381 )
4 ( 380 381 382 379 )
4 ( 386 374 388 387 )
4 ( 381 387 388 382 )
4 ( 381 382 393 392 )
4 ( 391 392 393 371 )
4 ( 387 388 375 395 )
4 ( 392 395 375 393 )
4 ( 105 371 397 110 )
4 ( 371 357 366 397 )
4 ( 110 397 366 99 )
5 ( 373 391 371 397 398 )
4 ( 111 398 397 110 )
5 ( 399 397 371 393 375 )
4 ( 375 363 369 399 )
4 ( 397 399 369 366 )
5 ( 396 395 375 399 400 )
4 ( 398 400 399 397 )
5 ( 403 360 358 401 415 )
4 ( 402 407 411 410 )
4 ( 407 401 415 411 )
4 ( 410 411 423 404 )
4 ( 411 415 403 423 )
5 ( 404 361 360 403 423 )
5 ( 406 363 362 405 435 )
4 ( 401 430 432 415 )
4 ( 430 405 435 432 )
4 ( 415 432 441 403 )
4 ( 432 435 406 441 )
5 ( 441 403 360 363 406 )
4 ( 407 408 412 411 )
4 ( 408 409 413 412 )
4 ( 411 412 413 410 )
4 ( 401 414 416 415 )
4 ( 414 408 412 416 )
4 ( 415 416 412 411 )
4 ( 408 417 419 412 )
4 ( 412 419 420 413 )
4 ( 414 421 422 416 )
4 ( 416 422 419 412 )
4 ( 411 412 424 423 )
4 ( 412 413 425 424 )
4 ( 423 424 425 404 )
4 ( 415 416 426 403 )
4 ( 416 412 424 426 )
4 ( 403 426 424 423 )
4 ( 412 419 427 424 )
4 ( 424 427 428 425 )
4 ( 416 422 429 426 )
4 ( 426 429 427 424 )
4 ( 430 431 433 432 )
4 ( 431 414 416 433 )
4 ( 432 433 416 415 )
4 ( 405 434 436 435 )
4 ( 434 431 433 436 )
4 ( 435 436 433 432 )
4 ( 431 437 438 433 )
4 ( 433 438 422 416 )
4 ( 434 439 440 436 )
4 ( 436 440 438 433 )
4 ( 432 433 442 441 )
4 ( 433 416 426 442 )
4 ( 441 442 426 403 )
4 ( 435 436 443 406 )
4 ( 436 433 442 443 )
4 ( 406 443 442 441 )
4 ( 433 438 444 442 )
4 ( 442 444 429 426 )
4 ( 436 440 445 443 )
4 ( 443 445 444 442 )
4 ( 360 403 446 367 )
5 ( 447 446 403 423 404 )
4 ( 367 446 447 368 )
4 ( 363 406 448 369 )
5 ( 406 441 403 446 448 )
4 ( 369 448 446 367 )
5 ( 449 446 403 426 429 )
4 ( 446 449 450 447 )
5 ( 451 448 406 443 445 )
4 ( 448 451 449 446 )
5 ( 375 388 374 452 453 )
5 ( 453 452 405 435 406 )
4 ( 375 453 406 363 )
6 ( 455 396 390 389 454 590 )
5 ( 590 454 452 453 455 )
5 ( 455 453 375 395 396 )
4 ( 452 456 457 453 )
5 ( 445 443 406 453 457 )
4 ( 454 590 593 589 )
4 ( 589 593 598 458 )
4 ( 590 455 603 593 )
4 ( 593 603 459 598 )
5 ( 459 457 453 455 603 )
4 ( 375 453 460 399 )
4 ( 453 406 448 460 )
4 ( 399 460 448 369 )
4 ( 396 455 461 400 )
4 ( 455 453 460 461 )
4 ( 400 461 460 399 )
4 ( 453 457 462 460 )
4 ( 460 462 451 448 )
5 ( 463 461 455 603 459 )
4 ( 461 463 462 460 )
4 ( 97 364 464 145 )
4 ( 364 365 465 464 )
4 ( 145 464 465 146 )
4 ( 99 366 466 147 )
4 ( 366 364 464 466 )
4 ( 147 466 464 145 )
4 ( 364 367 467 464 )
4 ( 367 368 468 467 )
4 ( 464 467 468 465 )
4 ( 366 369 469 466 )
4 ( 369 367 467 469 )
4 ( 466 469 467 464 )
4 ( 145 464 470 151 )
4 ( 464 465 471 470 )
4 ( 151 470 471 152 )
4 ( 147 466 472 153 )
4 ( 466 464 470 472 )
4 ( 153 472 470 151 )
4 ( 464 467 473 470 )
4 ( 467 468 474 473 )
4 ( 470 473 474 471 )
4 ( 466 469 475 472 )
4 ( 469 467 473 475 )
4 ( 472 475 473 470 )
4 ( 110 397 476 156 )
4 ( 397 366 466 476 )
4 ( 156 476 466 147 )
4 ( 398 397 476 477 )
4 ( 157 477 476 156 )
4 ( 397 399 478 476 )
4 ( 399 369 469 478 )
4 ( 476 478 469 466 )
4 ( 400 399 478 479 )
4 ( 477 479 478 476 )
4 ( 156 476 480 160 )
4 ( 476 466 472 480 )
4 ( 160 480 472 153 )
4 ( 477 476 480 481 )
4 ( 161 481 480 160 )
4 ( 476 478 482 480 )
4 ( 478 469 475 482 )
4 ( 480 482 475 472 )
4 ( 479 478 482 483 )
4 ( 481 483 482 480 )
4 ( 367 446 484 467 )
4 ( 446 447 485 484 )
4 ( 467 484 485 468 )
4 ( 369 448 486 469 )
4 ( 448 446 484 486 )
4 ( 469 486 484 467 )
4 ( 446 449 487 484 )
4 ( 484 487 488 485 )
4 ( 448 451 489 486 )
4 ( 486 489 487 484 )
4 ( 467 484 490 473 )
4 ( 484 485 491 490 )
4 ( 473 490 491 474 )
4 ( 469 486 492 475 )
4 ( 486 484 490 492 )
4 ( 475 492 490 473 )
4 ( 484 487 493 490 )
4 ( 490 493 494 491 )
4 ( 486 489 495 492 )
4 ( 492 495 493 490 )
4 ( 399 460 496 478 )
4 ( 460 448 486 496 )
4 ( 478 496 486 469 )
4 ( 400 461 497 479 )
4 ( 461 460 496 497 )
4 ( 479 497 496 478 )
4 ( 460 462 498 496 )
4 ( 496 498 489 486 )
4 ( 461 463 499 497 )
4 ( 497 499 498 496 )
4 ( 478 496 500 482 )
4 ( 496 486 492 500 )
4 ( 482 500 492 475 )
4 ( 479 497 501 483 )
4 ( 497 496 500 501 )
4 ( 483 501 500 482 )
4 ( 496 498 502 500 )
4 ( 500 502 495 492 )
4 ( 497 499 503 501 )
4 ( 501 503 502 500 )
4 ( 285 521 524 520 )
4 ( 520 524 530 516 )
4 ( 521 286 535 524 )
4 ( 524 535 517 530 )
6 ( 553 507 276 286 535 517 )
4 ( 518 519 523 522 )
4 ( 519 520 524 523 )
4 ( 522 523 524 521 )
4 ( 525 519 523 527 )
4 ( 526 527 523 522 )
4 ( 519 528 529 523 )
4 ( 528 516 530 529 )
4 ( 523 529 530 524 )
4 ( 531 528 529 532 )
4 ( 527 532 529 523 )
4 ( 522 523 534 533 )
4 ( 523 524 535 534 )
4 ( 533 534 535 286 )
4 ( 527 523 534 536 )
4 ( 288 536 534 533 )
4 ( 523 529 537 534 )
4 ( 529 530 517 537 )
4 ( 534 537 517 535 )
4 ( 532 529 537 538 )
4 ( 536 538 537 534 )
4 ( 516 546 547 530 )
4 ( 546 540 544 547 )
4 ( 530 547 544 543 )
4 ( 546 551 552 547 )
4 ( 551 548 549 552 )
4 ( 547 552 549 544 )
4 ( 530 547 556 517 )
4 ( 547 544 554 556 )
4 ( 517 556 554 553 )
4 ( 547 552 558 556 )
4 ( 552 549 557 558 )
4 ( 556 558 557 554 )
5 ( 560 559 551 552 558 )
6 ( 560 558 556 517 537 538 )
5 ( 561 291 286 535 517 )
5 ( 517 553 507 513 561 )
4 ( 291 561 513 280 )
5 ( 538 537 517 561 562 )
4 ( 292 562 561 291 )
5 ( 563 561 517 556 558 )
5 ( 558 557 511 515 563 )
4 ( 561 563 515 513 )
4 ( 560 558 563 564 )
4 ( 562 564 563 561 )
4 ( 454 587 591 590 )
4 ( 587 565 578 591 )
4 ( 590 591 601 455 )
4 ( 591 578 566 601 )
6 ( 566 601 455 396 509 583 )
4 ( 568 576 577 572 )
4 ( 576 565 578 577 )
4 ( 572 577 578 573 )
4 ( 574 579 580 575 )
4 ( 579 576 577 580 )
4 ( 575 580 577 572 )
4 ( 572 577 585 582 )
4 ( 577 578 566 585 )
4 ( 582 585 566 583 )
4 ( 575 580 586 584 )
4 ( 580 577 585 586 )
4 ( 584 586 585 582 )
4 ( 587 588 592 591 )
4 ( 588 589 593 592 )
4 ( 591 592 593 590 )
4 ( 565 594 595 578 )
4 ( 594 588 592 595 )
4 ( 578 595 592 591 )
4 ( 588 596 597 592 )
4 ( 592 597 598 593 )
4 ( 594 599 600 595 )
4 ( 595 600 597 592 )
4 ( 591 592 602 601 )
4 ( 592 593 603 602 )
4 ( 601 602 603 455 )
4 ( 578 595 604 566 )
4 ( 595 592 602 604 )
4 ( 566 604 602 601 )
4 ( 592 597 605 602 )
4 ( 602 605 459 603 )
4 ( 595 600 606 604 )
4 ( 604 606 605 602 )
5 ( 586 580 579 607 608 )
6 ( 606 604 566 585 586 608 )
5 ( 609 514 509 583 566 )
5 ( 566 601 455 461 609 )
4 ( 514 609 461 400 )
5 ( 610 515 511 584 586 )
5 ( 586 585 566 609 610 )
4 ( 515 610 609 514 )
5 ( 611 609 566 604 606 )
4 ( 609 611 463 461 )
4 ( 586 608 612 610 )
4 ( 610 612 611 609 )
6 ( 614 558 552 551 613 622 )
6 ( 622 613 579 580 586 614 )
6 ( 586 584 511 557 558 614 )
4 ( 613 619 623 622 )
4 ( 619 615 627 623 )
4 ( 622 623 634 614 )
4 ( 623 627 616 634 )
5 ( 634 614 558 560 616 )
4 ( 613 622 625 621 )
4 ( 621 625 631 617 )
4 ( 622 614 636 625 )
4 ( 625 636 618 631 )
5 ( 618 608 586 614 636 )
4 ( 619 620 624 623 )
4 ( 620 621 625 624 )
4 ( 623 624 625 622 )
4 ( 626 620 624 628 )
4 ( 627 628 624 623 )
4 ( 620 629 630 624 )
4 ( 624 630 631 625 )
4 ( 628 633 630 624 )
4 ( 623 624 635 634 )
4 ( 624 625 636 635 )
4 ( 634 635 636 614 )
4 ( 628 624 635 637 )
4 ( 616 637 635 634 )
4 ( 624 630 638 635 )
4 ( 635 638 618 636 )
4 ( 637 639 638 635 )
4 ( 558 614 640 563 )
4 ( 614 586 610 640 )
4 ( 563 640 610 515 )
5 ( 616 634 614 640 641 )
4 ( 564 641 640 563 )
5 ( 642 640 614 636 618 )
4 ( 640 642 612 610 )
4 ( 641 643 642 640 )
4 ( 291 561 652 327 )
4 ( 561 513 645 652 )
4 ( 327 652 645 320 )
4 ( 562 561 652 653 )
4 ( 328 653 652 327 )
4 ( 561 563 654 652 )
4 ( 563 515 647 654 )
4 ( 652 654 647 645 )
4 ( 564 563 654 655 )
4 ( 653 655 654 652 )
4 ( 327 652 656 331 )
4 ( 652 645 649 656 )
4 ( 331 656 649 324 )
4 ( 653 652 656 657 )
4 ( 332 657 656 331 )
4 ( 652 654 658 656 )
4 ( 654 647 651 658 )
4 ( 656 658 651 649 )
4 ( 655 654 658 659 )
4 ( 657 659 658 656 )
4 ( 514 609 660 646 )
4 ( 609 461 497 660 )
4 ( 646 660 497 479 )
4 ( 515 610 661 647 )
4 ( 610 609 660 661 )
4 ( 647 661 660 646 )
4 ( 609 611 662 660 )
4 ( 660 662 499 497 )
4 ( 610 612 663 661 )
4 ( 661 663 662 660 )
4 ( 646 660 664 650 )
4 ( 660 497 501 664 )
4 ( 650 664 501 483 )
4 ( 647 661 665 651 )
4 ( 661 660 664 665 )
4 ( 651 665 664 650 )
4 ( 660 662 666 664 )
4 ( 664 666 503 501 )
4 ( 661 663 667 665 )
4 ( 665 667 666 664 )
4 ( 563 640 668 654 )
4 ( 640 610 661 668 )
4 ( 654 668 661 647 )
4 ( 641 640 668 669 )
4 ( 655 669 668 654 )
4 ( 640 642 670 668 )
4 ( 668 670 663 661 )
4 ( 669 671 670 668 )
4 ( 654 668 672 658 )
4 ( 668 661 665 672 )
4 ( 658 672 665 651 )
4 ( 669 668 672 673 )
4 ( 659 673 672 658 )
4 ( 668 670 674 672 )
4 ( 672 674 667 665 )
4 ( 673 675 674 672 )
4 ( 122 123 678 677 )
4 ( 123 124 679 678 )
4 ( 677 678 679 676 )
4 ( 125 126 681 680 )
4 ( 126 123 678 681 )
4 ( 680 681 678 677 )
4 ( 123 127 682 678 )
4 ( 127 128 683 682 )
4 ( 678 682 683 679 )
4 ( 126 129 684 681 )
4 ( 129 127 682 684 )
4 ( 681 684 682 678 )
4 ( 677 678 687 686 )
4 ( 678 679 688 687 )
4 ( 686 687 688 685 )
4 ( 680 681 690 689 )
4 ( 681 678 687 690 )
4 ( 689 690 687 686 )
4 ( 678 682 691 687 )
4 ( 682 683 692 691 )
4 ( 687 691 692 688 )
4 ( 681 684 693 690 )
4 ( 684 682 691 693 )
4 ( 690 693 691 687 )
4 ( 136 137 695 694 )
4 ( 137 126 681 695 )
4 ( 694 695 681 680 )
4 ( 138 139 697 696 )
4 ( 139 137 695 697 )
4 ( 696 697 695 694 )
4 ( 137 140 698 695 )
4 ( 140 129 684 698 )
4 ( 695 698 684 681 )
4 ( 139 141 699 697 )
4 ( 141 140 698 699 )
4 ( 697 699 698 695 )
4 ( 694 695 701 700 )
4 ( 695 681 690 701 )
4 ( 700 701 690 689 )
4 ( 696 697 703 702 )
4 ( 697 695 701 703 )
4 ( 702 703 701 700 )
4 ( 695 698 704 701 )
4 ( 698 684 693 704 )
4 ( 701 704 693 690 )
4 ( 697 699 705 703 )
4 ( 699 698 704 705 )
4 ( 703 705 704 701 )
4 ( 127 148 706 682 )
4 ( 148 149 707 706 )
4 ( 682 706 707 683 )
4 ( 129 150 708 684 )
4 ( 150 148 706 708 )
4 ( 684 708 706 682 )
4 ( 148 151 709 706 )
4 ( 151 152 710 709 )
4 ( 706 709 710 707 )
4 ( 150 153 711 708 )
4 ( 153 151 709 711 )
4 ( 708 711 709 706 )
4 ( 682 706 712 691 )
4 ( 706 707 713 712 )
4 ( 691 712 713 692 )
4 ( 684 708 714 693 )
4 ( 708 706 712 714 )
4 ( 693 714 712 691 )
4 ( 706 709 715 712 )
4 ( 709 710 716 715 )
4 ( 712 715 716 713 )
4 ( 708 711 717 714 )
4 ( 711 709 715 717 )
4 ( 714 717 715 712 )
4 ( 140 158 718 698 )
4 ( 158 150 708 718 )
4 ( 698 718 708 684 )
4 ( 141 159 719 699 )
4 ( 159 158 718 719 )
4 ( 699 719 718 698 )
4 ( 158 160 720 718 )
4 ( 160 153 711 720 )
4 ( 718 720 711 708 )
4 ( 159 161 721 719 )
4 ( 161 160 720 721 )
4 ( 719 721 720 718 )
4 ( 698 718 722 704 )
4 ( 718 708 714 722 )
4 ( 704 722 714 693 )
4 ( 699 719 723 705 )
4 ( 719 718 722 723 )
4 ( 705 723 722 704 )
4 ( 718 720 724 722 )
4 ( 720 711 717 724 )
4 ( 722 724 717 714 )
4 ( 719 721 725 723 )
4 ( 721 720 724 725 )
4 ( 723 725 724 722 )
4 ( 686 687 728 727 )
4 ( 687 688 729 728 )
4 ( 727 728 729 726 )
4 ( 689 690 731 730 )
4 ( 690 687 728 731 )
4 ( 730 731 728 727 )
4 ( 687 691 732 728 )
4 ( 691 692 733 732 )
4 ( 728 732 733 729 )
4 ( 690 693 734 731 )
4 ( 693 691 732 734 )
4 ( 731 734 732 728 )
4 ( 727 728 737 736 )
4 ( 728 729 738 737 )
4 ( 730 731 740 739 )
4 ( 731 728 737 740 )
4 ( 728 732 741 737 )
4 ( 732 733 742 741 )
4 ( 731 734 743 740 )
4 ( 734 732 741 743 )
4 ( 700 701 745 744 )
4 ( 701 690 731 745 )
4 ( 744 745 731 730 )
4 ( 702 703 747 746 )
4 ( 703 701 745 747 )
4 ( 746 747 745 744 )
4 ( 701 704 748 745 )
4 ( 704 693 734 748 )
4 ( 745 748 734 731 )
4 ( 703 705 749 747 )
4 ( 705 704 748 749 )
4 ( 747 749 748 745 )
4 ( 744 745 751 750 )
4 ( 745 731 740 751 )
4 ( 746 747 753 752 )
4 ( 747 745 751 753 )
4 ( 745 748 754 751 )
4 ( 748 734 743 754 )
4 ( 747 749 755 753 )
4 ( 749 748 754 755 )
4 ( 691 712 756 732 )
4 ( 712 713 757 756 )
4 ( 732 756 757 733 )
4 ( 693 714 758 734 )
4 ( 714 712 756 758 )
4 ( 734 758 756 732 )
4 ( 712 715 759 756 )
4 ( 715 716 760 759 )
4 ( 756 759 760 757 )
4 ( 714 717 761 758 )
4 ( 717 715 759 761 )
4 ( 758 761 759 756 )
4 ( 732 756 762 741 )
4 ( 756 757 763 762 )
4 ( 734 758 764 743 )
4 ( 758 756 762 764 )
4 ( 756 759 765 762 )
4 ( 759 760 766 765 )
4 ( 758 761 767 764 )
4 ( 761 759 765 767 )
4 ( 704 722 768 748 )
4 ( 722 714 758 768 )
4 ( 748 768 758 734 )
4 ( 705 723 769 749 )
4 ( 723 722 768 769 )
4 ( 749 769 768 748 )
4 ( 722 724 770 768 )
4 ( 724 717 761 770 )
4 ( 768 770 761 758 )
4 ( 723 725 771 769 )
4 ( 725 724 770 771 )
4 ( 769 771 770 768 )
4 ( 748 768 772 754 )
4 ( 768 758 764 772 )
4 ( 749 769 773 755 )
4 ( 769 768 772 773 )
4 ( 768 770 774 772 )
4 ( 770 761 767 774 )
4 ( 769 771 775 773 )
4 ( 771 770 774 775 )
4 ( 299 300 777 776 )
4 ( 300 139 697 777 )
4 ( 776 777 697 696 )
4 ( 301 302 779 778 )
4 ( 302 300 777 779 )
4 ( 778 779 777 776 )
4 ( 300 303 780 777 )
4 ( 303 141 699 780 )
4 ( 777 780 699 697 )
4 ( 302 304 781 779 )
4 ( 304 303 780 781 )
4 ( 779 781 780 777 )
4 ( 776 777 783 782 )
4 ( 777 697 703 783 )
4 ( 782 783 703 702 )
4 ( 778 779 785 784 )
4 ( 779 777 783 785 )
4 ( 784 785 783 782 )
4 ( 777 780 786 783 )
4 ( 780 699 705 786 )
4 ( 783 786 705 703 )
4 ( 779 781 787 785 )
4 ( 781 780 786 787 )
4 ( 785 787 786 783 )
4 ( 311 312 789 788 )
4 ( 312 302 779 789 )
4 ( 788 789 779 778 )
4 ( 314 312 789 791 )
4 ( 790 791 789 788 )
4 ( 312 315 792 789 )
4 ( 315 304 781 792 )
4 ( 789 792 781 779 )
4 ( 316 315 792 793 )
4 ( 791 793 792 789 )
4 ( 788 789 795 794 )
4 ( 789 779 785 795 )
4 ( 794 795 785 784 )
4 ( 791 789 795 797 )
4 ( 796 797 795 794 )
4 ( 789 792 798 795 )
4 ( 792 781 787 798 )
4 ( 795 798 787 785 )
4 ( 793 792 798 799 )
4 ( 797 799 798 795 )
4 ( 303 321 800 780 )
4 ( 321 159 719 800 )
4 ( 780 800 719 699 )
4 ( 304 322 801 781 )
4 ( 322 321 800 801 )
4 ( 781 801 800 780 )
4 ( 321 323 802 800 )
4 ( 800 802 721 719 )
4 ( 322 324 803 801 )
4 ( 801 803 802 800 )
4 ( 780 800 804 786 )
4 ( 800 719 723 804 )
4 ( 786 804 723 705 )
4 ( 781 801 805 787 )
4 ( 801 800 804 805 )
4 ( 787 805 804 786 )
4 ( 800 802 806 804 )
4 ( 802 721 725 806 )
4 ( 804 806 725 723 )
4 ( 801 803 807 805 )
4 ( 803 802 806 807 )
4 ( 805 807 806 804 )
4 ( 315 329 808 792 )
4 ( 329 322 801 808 )
4 ( 792 808 801 781 )
4 ( 330 329 808 809 )
4 ( 793 809 808 792 )
4 ( 329 331 810 808 )
4 ( 331 324 803 810 )
4 ( 808 810 803 801 )
4 ( 332 331 810 811 )
4 ( 809 811 810 808 )
4 ( 792 808 812 798 )
4 ( 808 801 805 812 )
4 ( 798 812 805 787 )
4 ( 809 808 812 813 )
4 ( 799 813 812 798 )
4 ( 808 810 814 812 )
4 ( 810 803 807 814 )
4 ( 812 814 807 805 )
4 ( 811 810 814 815 )
4 ( 813 815 814 812 )
4 ( 782 783 817 816 )
4 ( 783 703 747 817 )
4 ( 816 817 747 746 )
4 ( 784 785 819 818 )
4 ( 785 783 817 819 )
4 ( 818 819 817 816 )
4 ( 783 786 820 817 )
4 ( 786 705 749 820 )
4 ( 817 820 749 747 )
4 ( 785 787 821 819 )
4 ( 787 786 820 821 )
4 ( 819 821 820 817 )
4 ( 816 817 823 822 )
4 ( 817 747 753 823 )
4 ( 818 819 825 824 )
4 ( 819 817 823 825 )
4 ( 817 820 826 823 )
4 ( 820 749 755 826 )
4 ( 819 821 827 825 )
4 ( 821 820 826 827 )
4 ( 794 795 829 828 )
4 ( 795 785 819 829 )
4 ( 828 829 819 818 )
4 ( 797 795 829 831 )
4 ( 830 831 829 828 )
4 ( 795 798 832 829 )
4 ( 798 787 821 832 )
4 ( 829 832 821 819 )
4 ( 799 798 832 833 )
4 ( 831 833 832 829 )
4 ( 828 829 835 834 )
4 ( 829 819 825 835 )
4 ( 831 829 835 837 )
4 ( 829 832 838 835 )
4 ( 832 821 827 838 )
4 ( 833 832 838 839 )
4 ( 786 804 840 820 )
4 ( 804 723 769 840 )
4 ( 820 840 769 749 )
4 ( 787 805 841 821 )
4 ( 805 804 840 841 )
4 ( 821 841 840 820 )
4 ( 804 806 842 840 )
4 ( 806 725 771 842 )
4 ( 840 842 771 769 )
4 ( 805 807 843 841 )
4 ( 807 806 842 843 )
4 ( 841 843 842 840 )
4 ( 820 840 844 826 )
4 ( 840 769 773 844 )
4 ( 821 841 845 827 )
4 ( 841 840 844 845 )
4 ( 840 842 846 844 )
4 ( 842 771 775 846 )
4 ( 841 843 847 845 )
4 ( 843 842 846 847 )
4 ( 798 812 848 832 )
4 ( 812 805 841 848 )
4 ( 832 848 841 821 )
4 ( 813 812 848 849 )
4 ( 833 849 848 832 )
4 ( 812 814 850 848 )
4 ( 814 807 843 850 )
4 ( 848 850 843 841 )
4 ( 815 814 850 851 )
4 ( 849 851 850 848 )
4 ( 832 848 852 838 )
4 ( 848 841 845 852 )
4 ( 849 848 852 853 )
4 ( 848 850 854 852 )
4 ( 850 843 847 854 )
4 ( 851 850 854 855 )
4 ( 151 470 856 709 )
4 ( 470 471 857 856 )
4 ( 709 856 857 710 )
4 ( 153 472 858 711 )
4 ( 472 470 856 858 )
4 ( 711 858 856 709 )
4 ( 470 473 859 856 )
4 ( 473 474 860 859 )
4 ( 856 859 860 857 )
4 ( 472 475 861 858 )
4 ( 475 473 859 861 )
4 ( 858 861 859 856 )
4 ( 709 856 862 715 )
4 ( 856 857 863 862 )
4 ( 715 862 863 716 )
4 ( 711 858 864 717 )
4 ( 858 856 862 864 )
4 ( 717 864 862 715 )
4 ( 856 859 865 862 )
4 ( 859 860 866 865 )
4 ( 862 865 866 863 )
4 ( 858 861 867 864 )
4 ( 861 859 865 867 )
4 ( 864 867 865 862 )
4 ( 160 480 868 720 )
4 ( 480 472 858 868 )
4 ( 720 868 858 711 )
4 ( 481 480 868 869 )
4 ( 721 869 868 720 )
4 ( 480 482 870 868 )
4 ( 482 475 861 870 )
4 ( 868 870 861 858 )
4 ( 483 482 870 871 )
4 ( 869 871 870 868 )
4 ( 720 868 872 724 )
4 ( 868 858 864 872 )
4 ( 724 872 864 717 )
4 ( 721 869 873 725 )
4 ( 869 868 872 873 )
4 ( 725 873 872 724 )
4 ( 868 870 874 872 )
4 ( 870 861 867 874 )
4 ( 872 874 867 864 )
4 ( 869 871 875 873 )
4 ( 871 870 874 875 )
4 ( 873 875 874 872 )
4 ( 473 490 876 859 )
4 ( 490 491 877 876 )
4 ( 859 876 877 860 )
4 ( 475 492 878 861 )
4 ( 492 490 876 878 )
4 ( 861 878 876 859 )
4 ( 490 493 879 876 )
4 ( 876 879 880 877 )
4 ( 492 495 881 878 )
4 ( 878 881 879 876 )
4 ( 859 876 882 865 )
4 ( 876 877 883 882 )
4 ( 865 882 883 866 )
4 ( 861 878 884 867 )
4 ( 878 876 882 884 )
4 ( 867 884 882 865 )
4 ( 876 879 885 882 )
4 ( 882 885 886 883 )
4 ( 878 881 887 884 )
4 ( 884 887 885 882 )
4 ( 482 500 888 870 )
4 ( 500 492 878 888 )
4 ( 870 888 878 861 )
4 ( 483 501 889 871 )
4 ( 501 500 888 889 )
4 ( 871 889 888 870 )
4 ( 500 502 890 888 )
4 ( 888 890 881 878 )
4 ( 501 503 891 889 )
4 ( 889 891 890 888 )
4 ( 870 888 892 874 )
4 ( 888 878 884 892 )
4 ( 874 892 884 867 )
4 ( 871 889 893 875 )
4 ( 889 888 892 893 )
4 ( 875 893 892 874 )
4 ( 888 890 894 892 )
4 ( 892 894 887 884 )
4 ( 889 891 895 893 )
4 ( 893 895 894 892 )
4 ( 715 862 896 759 )
4 ( 862 863 897 896 )
4 ( 759 896 897 760 )
4 ( 717 864 898 761 )
4 ( 864 862 896 898 )
4 ( 761 898 896 759 )
4 ( 862 865 899 896 )
4 ( 865 866 900 899 )
4 ( 896 899 900 897 )
4 ( 864 867 901 898 )
4 ( 867 865 899 901 )
4 ( 898 901 899 896 )
4 ( 759 896 902 765 )
4 ( 896 897 903 902 )
4 ( 761 898 904 767 )
4 ( 898 896 902 904 )
4 ( 896 899 905 902 )
4 ( 899 900 906 905 )
4 ( 898 901 907 904 )
4 ( 901 899 905 907 )
4 ( 724 872 908 770 )
4 ( 872 864 898 908 )
4 ( 770 908 898 761 )
4 ( 725 873 909 771 )
4 ( 873 872 908 909 )
4 ( 771 909 908 770 )
4 ( 872 874 910 908 )
4 ( 874 867 901 910 )
4 ( 908 910 901 898 )
4 ( 873 875 911 909 )
4 ( 875 874 910 911 )
4 ( 909 911 910 908 )
4 ( 770 908 912 774 )
4 ( 908 898 904 912 )
4 ( 771 909 913 775 )
4 ( 909 908 912 913 )
4 ( 908 910 914 912 )
4 ( 910 901 907 914 )
4 ( 909 911 915 913 )
4 ( 911 910 914 915 )
4 ( 865 882 916 899 )
4 ( 882 883 917 916 )
4 ( 899 916 917 900 )
4 ( 867 884 918 901 )
4 ( 884 882 916 918 )
4 ( 901 918 916 899 )
4 ( 882 885 919 916 )
4 ( 916 919 920 917 )
4 ( 884 887 921 918 )
4 ( 918 921 919 916 )
4 ( 899 916 922 905 )
4 ( 916 917 923 922 )
4 ( 901 918 924 907 )
4 ( 918 916 922 924 )
4 ( 916 919 925 922 )
4 ( 918 921 927 924 )
4 ( 874 892 928 910 )
4 ( 892 884 918 928 )
4 ( 910 928 918 901 )
4 ( 875 893 929 911 )
4 ( 893 892 928 929 )
4 ( 911 929 928 910 )
4 ( 892 894 930 928 )
4 ( 928 930 921 918 )
4 ( 893 895 931 929 )
4 ( 929 931 930 928 )
4 ( 910 928 932 914 )
4 ( 928 918 924 932 )
4 ( 911 929 933 915 )
4 ( 929 928 932 933 )
4 ( 928 930 934 932 )
4 ( 929 931 935 933 )
4 ( 802 936 940 806 )
4 ( 936 869 873 940 )
4 ( 806 940 873 725 )
4 ( 803 937 941 807 )
4 ( 937 936 940 941 )
4 ( 807 941 940 806 )
4 ( 936 938 942 940 )
4 ( 938 871 875 942 )
4 ( 940 942 875 873 )
4 ( 937 939 943 941 )
4 ( 939 938 942 943 )
4 ( 941 943 942 940 )
4 ( 331 656 944 810 )
4 ( 656 649 937 944 )
4 ( 810 944 937 803 )
4 ( 657 656 944 945 )
4 ( 811 945 944 810 )
4 ( 656 658 946 944 )
4 ( 658 651 939 946 )
4 ( 944 946 939 937 )
4 ( 659 658 946 947 )
4 ( 945 947 946 944 )
4 ( 810 944 948 814 )
4 ( 944 937 941 948 )
4 ( 814 948 941 807 )
4 ( 945 944 948 949 )
4 ( 815 949 948 814 )
4 ( 944 946 950 948 )
4 ( 946 939 943 950 )
4 ( 948 950 943 941 )
4 ( 947 946 950 951 )
4 ( 949 951 950 948 )
4 ( 650 664 952 938 )
4 ( 664 501 889 952 )
4 ( 938 952 889 871 )
4 ( 651 665 953 939 )
4 ( 665 664 952 953 )
4 ( 939 953 952 938 )
4 ( 664 666 954 952 )
4 ( 952 954 891 889 )
4 ( 665 667 955 953 )
4 ( 953 955 954 952 )
4 ( 938 952 956 942 )
4 ( 952 889 893 956 )
4 ( 942 956 893 875 )
4 ( 939 953 957 943 )
4 ( 953 952 956 957 )
4 ( 943 957 956 942 )
4 ( 952 954 958 956 )
4 ( 956 958 895 893 )
4 ( 953 955 959 957 )
4 ( 957 959 958 956 )
4 ( 658 672 960 946 )
4 ( 672 665 953 960 )
4 ( 946 960 953 939 )
4 ( 673 672 960 961 )
4 ( 947 961 960 946 )
4 ( 672 674 962 960 )
4 ( 960 962 955 953 )
4 ( 961 963 962 960 )
4 ( 946 960 964 950 )
4 ( 960 953 957 964 )
4 ( 950 964 957 943 )
4 ( 961 960 964 965 )
4 ( 951 965 964 950 )
4 ( 960 962 966 964 )
4 ( 964 966 959 957 )
4 ( 965 967 966 964 )
4 ( 806 940 968 842 )
4 ( 940 873 909 968 )
4 ( 842 968 909 771 )
4 ( 807 941 969 843 )
4 ( 941 940 968 969 )
4 ( 843 969 968 842 )
4 ( 940 942 970 968 )
4 ( 942 875 911 970 )
4 ( 968 970 911 909 )
4 ( 941 943 971 969 )
4 ( 943 942 970 971 )
4 ( 969 971 970 968 )
4 ( 842 968 972 846 )
4 ( 968 909 913 972 )
4 ( 843 969 973 847 )
4 ( 969 968 972 973 )
4 ( 968 970 974 972 )
4 ( 970 911 915 974 )
4 ( 969 971 975 973 )
4 ( 971 970 974 975 )
4 ( 814 948 976 850 )
4 ( 948 941 969 976 )
4 ( 850 976 969 843 )
4 ( 949 948 976 977 )
4 ( 851 977 976 850 )
4 ( 948 950 978 976 )
4 ( 950 943 971 978 )
4 ( 976 978 971 969 )
4 ( 951 950 978 979 )
4 ( 977 979 978 976 )
4 ( 850 976 980 854 )
4 ( 976 969 973 980 )
4 ( 977 976 980 981 )
4 ( 976 978 982 980 )
4 ( 978 971 975 982 )
4 ( 979 978 982 983 )
4 ( 942 956 984 970 )
4 ( 956 893 929 984 )
4 ( 970 984 929 911 )
4 ( 943 957 985 971 )
4 ( 957 956 984 985 )
4 ( 971 985 984 970 )
4 ( 956 958 986 984 )
4 ( 984 986 931 929 )
4 ( 957 959 987 985 )
4 ( 985 987 986 984 )
4 ( 970 984 988 974 )
4 ( 984 929 933 988 )
4 ( 971 985 989 975 )
4 ( 985 984 988 989 )
4 ( 984 986 990 988 )
4 ( 985 987 991 989 )
4 ( 950 964 992 978 )
4 ( 964 957 985 992 )
4 ( 978 992 985 971 )
4 ( 965 964 992 993 )
4 ( 979 993 992 978 )
4 ( 964 966 994 992 )
4 ( 992 994 987 985 )
4 ( 993 995 994 992 )
4 ( 978 992 996 982 )
4 ( 992 985 989 996 )
4 ( 993 992 996 997 )
4 ( 992 994 998 996 )
5 ( 5 4 0 1 11 )
5 ( 34 3 0 4 7 )
6 ( 10 1 0 3 31 2 )
4 ( 1 8 12 11 )
4 ( 8 15 17 12 )
4 ( 9 10 2 19 )
4 ( 16 9 19 22 )
4 ( 11 12 24 5 )
4 ( 12 17 27 24 )
4 ( 3 34 37 33 )
4 ( 2 31 32 38 )
4 ( 33 37 43 41 )
4 ( 38 32 40 44 )
4 ( 34 7 48 37 )
4 ( 37 48 51 43 )
6 ( 22 19 2 38 44 53 )
4 ( 4 5 56 55 )
4 ( 4 55 58 7 )
5 ( 59 56 5 24 27 )
5 ( 51 48 7 58 62 )
5 ( 27 17 15 64 66 )
5 ( 65 64 15 16 22 )
5 ( 70 66 64 68 165 )
5 ( 164 68 64 65 69 )
4 ( 65 22 53 72 )
4 ( 69 65 72 74 )
4 ( 27 66 76 59 )
4 ( 66 70 78 76 )
5 ( 85 83 41 43 51 )
5 ( 82 44 40 41 83 )
4 ( 53 44 82 86 )
5 ( 336 89 83 85 91 )
5 ( 333 88 82 83 89 )
4 ( 86 82 88 92 )
4 ( 51 62 95 85 )
4 ( 85 95 98 91 )
4 ( 72 53 86 100 )
4 ( 74 72 100 102 )
4 ( 100 86 92 104 )
4 ( 102 100 104 106 )
4 ( 55 56 113 112 )
4 ( 55 112 115 58 )
4 ( 56 59 116 113 )
4 ( 58 115 119 62 )
4 ( 112 113 122 121 )
4 ( 112 121 124 115 )
4 ( 113 116 125 122 )
4 ( 115 124 128 119 )
4 ( 59 76 130 116 )
4 ( 76 78 132 130 )
4 ( 116 130 136 125 )
4 ( 130 132 138 136 )
4 ( 62 119 143 95 )
4 ( 95 143 146 98 )
4 ( 119 128 149 143 )
4 ( 143 149 152 146 )
4 ( 68 162 166 165 )
4 ( 162 169 171 166 )
4 ( 163 164 69 173 )
4 ( 170 163 173 176 )
4 ( 165 166 178 70 )
4 ( 166 171 181 178 )
5 ( 181 171 169 185 187 )
5 ( 186 185 169 170 176 )
5 ( 176 173 69 74 189 )
4 ( 186 176 189 191 )
5 ( 193 78 70 178 181 )
4 ( 181 187 195 193 )
5 ( 201 187 185 199 206 )
5 ( 205 199 185 186 200 )
4 ( 199 203 207 206 )
4 ( 203 210 212 207 )
4 ( 204 205 200 214 )
4 ( 211 217 218 213 )
4 ( 211 204 214 217 )
4 ( 206 207 219 201 )
4 ( 207 212 222 219 )
4 ( 213 218 225 223 )
5 ( 229 200 186 191 226 )
4 ( 214 200 229 228 )
4 ( 217 232 233 218 )
4 ( 217 214 228 232 )
4 ( 228 229 226 234 )
4 ( 232 237 238 233 )
4 ( 232 228 234 237 )
4 ( 218 233 241 225 )
4 ( 233 238 243 241 )
4 ( 187 201 244 195 )
5 ( 246 244 201 219 222 )
5 ( 247 246 222 223 225 )
5 ( 249 247 225 241 243 )
4 ( 189 74 102 250 )
5 ( 252 191 189 250 256 )
5 ( 268 254 106 107 255 )
5 ( 258 250 102 106 254 )
4 ( 256 250 258 257 )
4 ( 252 256 257 263 )
4 ( 266 254 268 267 )
4 ( 269 266 267 270 )
4 ( 267 268 255 275 )
4 ( 270 267 275 276 )
4 ( 255 107 111 279 )
5 ( 276 275 255 279 280 )
4 ( 226 191 252 281 )
5 ( 243 238 237 283 284 )
5 ( 237 234 226 281 283 )
5 ( 285 281 252 263 269 )
5 ( 288 284 283 287 526 )
5 ( 287 283 281 285 518 )
4 ( 243 284 290 249 )
4 ( 284 288 292 290 )
4 ( 78 193 293 132 )
4 ( 193 195 295 293 )
4 ( 132 293 299 138 )
4 ( 293 295 301 299 )
4 ( 195 244 305 295 )
4 ( 244 246 307 305 )
4 ( 246 247 308 307 )
4 ( 247 249 310 308 )
4 ( 295 305 311 301 )
4 ( 305 307 313 311 )
4 ( 307 308 314 313 )
4 ( 308 310 316 314 )
4 ( 279 111 157 319 )
4 ( 280 279 319 320 )
4 ( 319 157 161 323 )
4 ( 320 319 323 324 )
4 ( 249 290 326 310 )
4 ( 290 292 328 326 )
4 ( 310 326 330 316 )
4 ( 326 328 332 330 )
4 ( 89 336 339 335 )
4 ( 88 333 334 340 )
4 ( 335 339 346 344 )
4 ( 340 334 343 347 )
4 ( 336 91 351 339 )
4 ( 339 351 354 346 )
5 ( 356 92 88 340 347 )
5 ( 361 359 344 346 354 )
5 ( 358 347 343 344 359 )
4 ( 356 347 358 362 )
5 ( 354 351 91 98 365 )
4 ( 354 365 368 361 )
4 ( 104 92 356 370 )
5 ( 373 107 106 372 384 )
5 ( 378 370 356 362 374 )
4 ( 376 377 381 380 )
4 ( 376 370 378 377 )
4 ( 377 386 387 381 )
4 ( 377 378 374 386 )
4 ( 380 381 392 391 )
4 ( 381 387 395 392 )
4 ( 107 373 398 111 )
5 ( 400 398 373 394 396 )
5 ( 410 402 359 361 404 )
5 ( 407 401 358 359 402 )
5 ( 405 362 358 401 430 )
4 ( 402 410 413 409 )
4 ( 401 407 408 414 )
4 ( 409 413 420 418 )
4 ( 421 417 419 422 )
4 ( 414 408 417 421 )
4 ( 410 404 425 413 )
4 ( 413 425 428 420 )
4 ( 422 419 427 429 )
4 ( 430 401 414 431 )
4 ( 405 430 431 434 )
4 ( 437 421 422 438 )
4 ( 431 414 421 437 )
4 ( 439 437 438 440 )
4 ( 434 431 437 439 )
4 ( 438 422 429 444 )
4 ( 440 438 444 445 )
4 ( 361 368 447 404 )
5 ( 449 429 427 428 450 )
5 ( 428 425 404 447 450 )
5 ( 445 444 429 449 451 )
4 ( 374 362 405 452 )
4 ( 374 389 396 375 )
5 ( 457 456 439 440 445 )
5 ( 456 452 405 434 439 )
5 ( 598 458 456 457 459 )
5 ( 589 454 452 456 458 )
4 ( 457 445 451 462 )
4 ( 459 457 462 463 )
4 ( 98 146 465 365 )
4 ( 365 465 468 368 )
4 ( 146 152 471 465 )
4 ( 465 471 474 468 )
4 ( 111 398 477 157 )
4 ( 398 400 479 477 )
4 ( 157 477 481 161 )
4 ( 477 479 483 481 )
4 ( 368 468 485 447 )
4 ( 449 450 488 487 )
4 ( 447 485 488 450 )
4 ( 451 449 487 489 )
4 ( 468 474 491 485 )
4 ( 487 488 494 493 )
4 ( 485 491 494 488 )
4 ( 489 487 493 495 )
4 ( 462 451 489 498 )
4 ( 463 462 498 499 )
4 ( 498 489 495 502 )
4 ( 499 498 502 503 )
6 ( 507 542 506 269 270 276 )
6 ( 516 520 285 269 506 539 )
4 ( 518 285 520 519 )
4 ( 287 525 527 526 )
4 ( 287 518 519 525 )
4 ( 519 520 516 528 )
4 ( 525 531 532 527 )
4 ( 525 519 528 531 )
4 ( 526 527 536 288 )
4 ( 527 532 538 536 )
4 ( 539 543 544 540 )
4 ( 516 539 540 546 )
4 ( 540 544 549 548 )
4 ( 546 540 548 551 )
4 ( 543 553 554 544 )
4 ( 544 554 557 549 )
5 ( 538 532 531 559 560 )
6 ( 531 528 516 546 551 559 )
4 ( 276 280 513 507 )
5 ( 562 292 288 536 538 )
5 ( 511 555 507 513 515 )
4 ( 538 560 564 562 )
6 ( 396 390 389 508 570 509 )
6 ( 569 508 389 454 587 565 )
4 ( 569 568 572 573 )
4 ( 568 569 565 576 )
4 ( 568 574 575 572 )
4 ( 574 568 576 579 )
4 ( 573 572 582 583 )
4 ( 572 575 584 582 )
4 ( 587 454 589 588 )
4 ( 565 587 588 594 )
4 ( 596 458 598 597 )
4 ( 588 589 458 596 )
4 ( 599 596 597 600 )
4 ( 594 588 596 599 )
4 ( 597 598 459 605 )
4 ( 600 597 605 606 )
5 ( 608 607 599 600 606 )
6 ( 579 576 565 594 599 607 )
4 ( 396 509 514 400 )
5 ( 515 514 509 581 511 )
5 ( 606 605 459 463 611 )
4 ( 608 606 611 612 )
4 ( 510 551 558 511 )
4 ( 510 511 586 579 )
5 ( 616 560 559 615 627 )
5 ( 615 559 551 613 619 )
5 ( 631 617 607 608 618 )
5 ( 621 613 579 607 617 )
4 ( 619 613 621 620 )
4 ( 615 626 628 627 )
4 ( 615 619 620 626 )
4 ( 629 617 631 630 )
4 ( 620 621 617 629 )
4 ( 626 632 633 628 )
4 ( 632 629 630 633 )
4 ( 626 620 629 632 )
4 ( 627 628 637 616 )
4 ( 630 631 618 638 )
4 ( 628 633 639 637 )
4 ( 633 630 638 639 )
4 ( 560 616 641 564 )
4 ( 618 608 612 642 )
5 ( 643 641 616 637 639 )
5 ( 639 638 618 642 643 )
4 ( 280 320 645 513 )
4 ( 292 562 653 328 )
4 ( 513 645 647 515 )
4 ( 562 564 655 653 )
4 ( 320 324 649 645 )
4 ( 328 653 657 332 )
4 ( 645 649 651 647 )
4 ( 653 655 659 657 )
4 ( 400 514 646 479 )
4 ( 514 515 647 646 )
4 ( 611 463 499 662 )
4 ( 612 611 662 663 )
4 ( 479 646 650 483 )
4 ( 646 647 651 650 )
4 ( 662 499 503 666 )
4 ( 663 662 666 667 )
4 ( 564 641 669 655 )
4 ( 642 612 663 670 )
4 ( 641 643 671 669 )
4 ( 643 642 670 671 )
4 ( 655 669 673 659 )
4 ( 670 663 667 674 )
4 ( 669 671 675 673 )
4 ( 671 670 674 675 )
4 ( 121 122 677 676 )
4 ( 121 676 679 124 )
4 ( 122 125 680 677 )
4 ( 124 679 683 128 )
4 ( 676 677 686 685 )
4 ( 676 685 688 679 )
4 ( 677 680 689 686 )
4 ( 679 688 692 683 )
4 ( 125 136 694 680 )
4 ( 136 138 696 694 )
4 ( 680 694 700 689 )
4 ( 694 696 702 700 )
4 ( 128 683 707 149 )
4 ( 149 707 710 152 )
4 ( 683 692 713 707 )
4 ( 707 713 716 710 )
4 ( 685 686 727 726 )
4 ( 685 726 729 688 )
4 ( 686 689 730 727 )
4 ( 688 729 733 692 )
4 ( 726 727 736 735 )
4 ( 726 735 738 729 )
4 ( 736 737 738 735 )
4 ( 727 730 739 736 )
4 ( 739 740 737 736 )
4 ( 729 738 742 733 )
4 ( 737 741 742 738 )
4 ( 740 743 741 737 )
4 ( 689 700 744 730 )
4 ( 700 702 746 744 )
4 ( 730 744 750 739 )
4 ( 750 751 740 739 )
4 ( 744 746 752 750 )
4 ( 752 753 751 750 )
4 ( 751 754 743 740 )
4 ( 753 755 754 751 )
4 ( 692 733 757 713 )
4 ( 713 757 760 716 )
4 ( 733 742 763 757 )
4 ( 741 762 763 742 )
4 ( 743 764 762 741 )
4 ( 757 763 766 760 )
4 ( 762 765 766 763 )
4 ( 764 767 765 762 )
4 ( 754 772 764 743 )
4 ( 755 773 772 754 )
4 ( 772 774 767 764 )
4 ( 773 775 774 772 )
4 ( 138 299 776 696 )
4 ( 299 301 778 776 )
4 ( 696 776 782 702 )
4 ( 776 778 784 782 )
4 ( 301 311 788 778 )
4 ( 311 313 790 788 )
4 ( 313 314 791 790 )
4 ( 314 316 793 791 )
4 ( 778 788 794 784 )
4 ( 788 790 796 794 )
4 ( 790 791 797 796 )
4 ( 791 793 799 797 )
4 ( 323 161 721 802 )
4 ( 324 323 802 803 )
4 ( 316 330 809 793 )
4 ( 330 332 811 809 )
4 ( 793 809 813 799 )
4 ( 809 811 815 813 )
4 ( 702 782 816 746 )
4 ( 782 784 818 816 )
4 ( 746 816 822 752 )
4 ( 822 823 753 752 )
4 ( 816 818 824 822 )
4 ( 824 825 823 822 )
4 ( 823 826 755 753 )
4 ( 825 827 826 823 )
4 ( 784 794 828 818 )
4 ( 794 796 830 828 )
4 ( 796 797 831 830 )
4 ( 797 799 833 831 )
4 ( 818 828 834 824 )
4 ( 834 835 825 824 )
4 ( 828 830 836 834 )
4 ( 830 831 837 836 )
4 ( 836 837 835 834 )
4 ( 835 838 827 825 )
4 ( 831 833 839 837 )
4 ( 837 839 838 835 )
4 ( 826 844 773 755 )
4 ( 827 845 844 826 )
4 ( 844 846 775 773 )
4 ( 845 847 846 844 )
4 ( 799 813 849 833 )
4 ( 813 815 851 849 )
4 ( 838 852 845 827 )
4 ( 833 849 853 839 )
4 ( 839 853 852 838 )
4 ( 852 854 847 845 )
4 ( 849 851 855 853 )
4 ( 853 855 854 852 )
4 ( 152 710 857 471 )
4 ( 471 857 860 474 )
4 ( 710 716 863 857 )
4 ( 857 863 866 860 )
4 ( 161 481 869 721 )
4 ( 481 483 871 869 )
4 ( 474 860 877 491 )
4 ( 493 494 880 879 )
4 ( 491 877 880 494 )
4 ( 495 493 879 881 )
4 ( 860 866 883 877 )
4 ( 879 880 886 885 )
4 ( 877 883 886 880 )
4 ( 881 879 885 887 )
4 ( 502 495 881 890 )
4 ( 503 502 890 891 )
4 ( 890 881 887 894 )
4 ( 891 890 894 895 )
4 ( 716 760 897 863 )
4 ( 863 897 900 866 )
4 ( 760 766 903 897 )
4 ( 765 902 903 766 )
4 ( 767 904 902 765 )
4 ( 897 903 906 900 )
4 ( 902 905 906 903 )
4 ( 904 907 905 902 )
4 ( 774 912 904 767 )
4 ( 775 913 912 774 )
4 ( 912 914 907 904 )
4 ( 913 915 914 912 )
4 ( 866 900 917 883 )
4 ( 885 886 920 919 )
4 ( 883 917 920 886 )
4 ( 887 885 919 921 )
4 ( 900 906 923 917 )
4 ( 905 922 923 906 )
4 ( 907 924 922 905 )
4 ( 919 920 926 925 )
4 ( 917 923 926 920 )
4 ( 922 925 926 923 )
4 ( 921 919 925 927 )
4 ( 924 927 925 922 )
4 ( 894 887 921 930 )
4 ( 895 894 930 931 )
4 ( 914 932 924 907 )
4 ( 915 933 932 914 )
4 ( 930 921 927 934 )
4 ( 932 934 927 924 )
4 ( 931 930 934 935 )
4 ( 933 935 934 932 )
4 ( 802 721 869 936 )
4 ( 803 802 936 937 )
4 ( 936 869 871 938 )
4 ( 937 936 938 939 )
4 ( 324 803 937 649 )
4 ( 332 657 945 811 )
4 ( 649 937 939 651 )
4 ( 657 659 947 945 )
4 ( 811 945 949 815 )
4 ( 945 947 951 949 )
4 ( 483 650 938 871 )
4 ( 650 651 939 938 )
4 ( 666 503 891 954 )
4 ( 667 666 954 955 )
4 ( 954 891 895 958 )
4 ( 955 954 958 959 )
4 ( 659 673 961 947 )
4 ( 674 667 955 962 )
4 ( 673 675 963 961 )
4 ( 675 674 962 963 )
4 ( 947 961 965 951 )
4 ( 962 955 959 966 )
4 ( 961 963 967 965 )
4 ( 963 962 966 967 )
4 ( 846 972 913 775 )
4 ( 847 973 972 846 )
4 ( 972 974 915 913 )
4 ( 973 975 974 972 )
4 ( 815 949 977 851 )
4 ( 949 951 979 977 )
4 ( 854 980 973 847 )
4 ( 851 977 981 855 )
4 ( 855 981 980 854 )
4 ( 980 982 975 973 )
4 ( 977 979 983 981 )
4 ( 981 983 982 980 )
4 ( 958 895 931 986 )
4 ( 959 958 986 987 )
4 ( 974 988 933 915 )
4 ( 975 989 988 974 )
4 ( 986 931 935 990 )
4 ( 988 990 935 933 )
4 ( 987 986 990 991 )
4 ( 989 991 990 988 )
4 ( 951 965 993 979 )
4 ( 966 959 987 994 )
4 ( 965 967 995 993 )
4 ( 967 966 994 995 )
4 ( 982 996 989 975 )
4 ( 979 993 997 983 )
4 ( 983 997 996 982 )
4 ( 994 987 991 998 )
4 ( 996 998 991 989 )
4 ( 993 995 999 997 )
4 ( 995 994 998 999 )
4 ( 997 999 998 996 )
4 ( 8 1 10 9 )
4 ( 15 8 9 16 )
4 ( 31 3 33 32 )
4 ( 32 33 41 40 )
4 ( 162 68 164 163 )
4 ( 169 162 163 170 )
4 ( 203 199 205 204 )
4 ( 210 211 213 212 )
4 ( 210 203 204 211 )
4 ( 212 213 223 222 )
4 ( 257 258 254 266 )
4 ( 263 257 266 269 )
4 ( 333 89 335 334 )
4 ( 334 335 344 343 )
4 ( 372 370 371 373 )
5 ( 372 106 104 370 376 )
4 ( 373 371 375 396 )
4 ( 407 402 409 408 )
4 ( 417 418 420 419 )
4 ( 408 409 418 417 )
4 ( 419 420 428 427 )
5 ( 389 386 374 452 454 )
4 ( 516 506 507 517 )
4 ( 517 507 511 558 )
4 ( 508 565 566 509 )
4 ( 511 509 566 586 )
6 ( 551 548 510 574 579 613 )
)
