FoamFile
{
    version     2.0;
    format      ascii;
    class       labelList;
    note       "nPoints:2869	 nCells:2057	 nFaces:5070	 nInternalFaces:5070";
    location    "constant/polyMesh";
    object      neighbour;
}

5070
(
1
2
4
8
3
5
3
9
6
8
10
7
5
6
18
8
7
19
7
13
20
8
14
21
29
17
26
10
11
13
17
12
14
12
37
15
17
38
16
14
15
27
17
16
27
16
41
27
17
42
27
31
45
28
19
20
22
26
21
23
21
27
24
26
27
25
23
24
293
26
25
294
25
27
295
26
27
296
33
28
301
28
55
302
35
56
303
30
31
33
339
32
34
32
31
31
31
31
35
341
32
32
32
32
36
34
35
315
343
36
316
36
268
317
345
36
36
36
36
318
38
39
41
45
40
42
40
46
43
45
47
44
42
43
55
45
44
55
44
50
55
45
51
55
45
45
45
45
54
56
47
48
50
54
49
51
49
657
52
54
658
53
51
52
57
54
53
57
53
661
57
54
662
57
54
54
54
54
665
58
56
57
323
268
58
324
58
675
325
58
58
58
58
676
326
60
61
63
67
62
64
62
75
65
69
76
66
64
65
268
71
66
268
66
79
268
73
80
268
68
69
71
369
70
72
70
69
69
69
69
73
371
70
70
70
70
74
72
73
269
373
74
270
74
222
271
375
74
74
74
74
272
76
77
79
76
76
76
76
78
80
78
679
81
78
78
78
78
680
82
80
81
277
222
82
278
82
683
279
82
82
82
82
684
280
84
85
87
91
86
88
86
99
89
93
100
90
88
89
222
95
90
222
90
103
222
97
104
222
92
93
95
385
94
96
94
93
93
93
93
97
387
94
94
94
94
98
96
97
223
389
98
224
98
97
97
97
97
225
391
98
98
98
98
226
100
101
103
100
100
100
100
102
104
102
687
105
102
102
102
102
688
106
104
105
231
104
104
104
104
106
232
106
691
233
106
106
106
106
692
234
108
109
111
115
110
112
110
123
113
117
124
114
112
113
159
119
114
160
114
127
161
121
128
162
116
117
119
401
118
120
118
117
117
117
117
121
403
118
118
118
118
122
120
121
167
405
122
168
122
121
121
121
121
169
407
122
122
122
122
170
124
125
127
124
124
124
124
126
128
126
695
129
126
126
126
126
696
130
128
129
175
128
128
128
128
130
176
130
699
177
130
130
130
130
700
178
132
133
134
137
135
141
136
135
136
145
139
146
143
147
138
139
417
140
140
151
419
152
142
143
703
144
144
155
705
156
146
147
148
151
149
155
150
149
150
183
153
184
157
185
152
153
431
154
154
189
433
190
156
157
717
158
158
193
719
194
160
161
163
167
162
164
162
175
165
169
176
166
164
165
239
171
166
239
166
179
239
173
180
239
168
169
171
453
170
172
170
169
169
169
169
173
455
170
170
170
170
174
172
173
240
457
174
241
174
173
173
173
173
242
459
174
174
174
174
243
176
177
179
176
176
176
176
178
180
178
747
181
178
178
178
178
748
182
180
181
248
180
180
180
180
182
249
182
751
250
182
182
182
182
752
251
184
185
186
189
187
193
188
187
188
197
191
198
195
199
190
191
469
192
192
205
471
206
194
195
755
196
196
213
757
215
198
199
201
205
200
202
200
213
203
207
214
204
202
203
256
209
204
256
204
217
256
211
218
256
206
207
209
483
208
210
208
221
211
485
221
212
210
211
257
487
212
257
212
221
257
489
221
257
214
215
217
221
216
218
216
769
219
221
770
220
218
219
258
221
220
258
220
773
258
221
774
258
499
777
259
222
222
222
222
222
222
222
222
285
224
225
227
524
226
228
226
239
229
526
226
226
226
226
230
228
229
286
528
230
286
230
264
286
530
265
286
232
233
235
239
234
236
234
826
237
234
234
234
234
827
238
236
237
287
264
238
287
238
830
287
266
831
287
239
239
239
239
239
239
239
239
264
241
242
244
533
243
245
243
256
246
535
257
247
245
246
265
537
247
265
247
260
265
539
261
265
249
250
252
256
251
253
251
834
254
258
835
255
253
254
266
260
255
266
255
838
266
262
839
266
257
258
260
542
259
261
259
842
262
544
843
263
261
262
267
546
263
267
263
846
267
548
847
267
265
266
288
558
267
288
267
859
288
560
860
288
268
268
268
268
268
268
268
268
331
270
271
273
578
272
274
272
285
275
580
286
276
274
275
332
582
276
332
276
289
332
584
290
332
278
279
281
285
280
282
280
888
283
287
889
284
282
283
333
289
284
333
284
892
333
291
893
333
286
287
289
587
288
290
288
896
291
589
897
292
290
291
334
591
292
334
292
900
334
593
901
334
294
295
297
301
296
298
296
302
299
301
302
300
298
299
304
301
300
305
300
302
306
301
302
307
315
303
312
303
323
313
317
324
314
305
306
308
312
307
309
307
313
310
312
313
311
309
310
1356
312
311
1357
311
313
1358
312
313
1359
319
314
1364
314
327
1365
321
328
1366
316
317
319
611
318
320
318
331
321
613
332
322
320
321
1378
615
322
1378
322
335
1378
617
336
1378
324
325
327
331
326
328
326
971
329
333
972
330
328
329
1379
335
330
1379
330
975
1379
337
976
1379
332
333
335
641
334
336
334
979
337
643
980
338
336
337
1380
645
338
1380
338
983
1380
647
984
1380
340
341
343
347
342
344
342
341
341
341
341
345
356
342
342
342
342
346
344
345
611
358
346
612
346
345
345
345
345
613
367
586
614
347
347
347
347
356
358
349
350
352
351
353
351
357
354
357
355
353
354
359
355
360
355
357
361
357
362
357
603
367
604
368
358
358
358
358
367
619
360
361
363
362
364
362
368
365
368
366
364
365
620
366
621
366
368
622
368
623
368
607
628
608
629
370
371
373
377
372
374
372
371
371
371
371
375
379
372
372
372
372
376
374
375
578
381
376
579
376
375
375
375
375
580
383
532
581
378
379
381
603
380
382
380
570
383
603
571
384
382
383
586
603
384
586
384
574
586
603
575
586
386
387
389
393
388
390
388
387
387
387
387
391
395
388
388
388
388
392
390
391
524
397
392
525
392
391
391
391
391
526
399
392
392
392
392
527
394
395
397
570
396
398
396
516
399
570
517
400
398
399
532
570
400
532
400
520
532
570
521
532
402
403
405
409
404
406
404
403
403
403
403
407
411
404
404
404
404
408
406
407
453
413
408
454
408
407
407
407
407
455
415
408
408
408
408
456
410
411
413
516
412
414
412
445
415
516
446
416
414
415
461
516
416
462
416
449
463
516
450
464
418
419
421
420
420
431
424
432
422
424
445
423
425
445
427
426
425
435
445
426
436
445
429
437
447
428
429
447
1017
430
447
430
441
447
1019
442
432
433
435
434
434
469
438
470
436
438
449
437
439
449
441
440
439
473
449
440
474
449
443
475
451
442
443
451
1031
444
451
444
479
451
1033
480
446
447
449
518
448
450
448
1045
451
518
1046
452
450
451
508
518
452
509
452
1049
510
518
1050
511
454
455
457
461
456
458
456
455
455
455
455
459
463
456
456
456
456
460
458
459
533
465
460
534
460
459
459
459
459
535
467
460
460
460
460
536
462
463
465
520
464
466
464
508
467
520
509
468
466
467
541
520
468
541
468
512
541
520
513
541
470
471
473
472
472
483
476
484
474
476
508
475
477
508
479
478
477
491
508
478
492
508
481
494
510
480
481
510
1069
482
510
482
501
510
1071
503
484
485
487
491
486
488
486
499
489
493
499
490
488
489
542
495
490
542
490
499
542
497
499
542
492
493
495
512
494
496
494
500
497
512
501
498
496
497
543
512
498
543
498
504
543
512
505
543
499
499
499
499
1083
544
501
502
504
514
503
505
503
1084
506
514
1085
507
505
506
545
514
507
545
507
1088
545
514
1089
545
509
510
512
522
511
513
511
1108
514
522
1109
515
513
514
550
522
515
551
515
1112
552
522
1113
553
517
518
520
572
519
521
519
1132
522
572
1133
523
521
522
562
572
523
563
523
1136
564
572
1137
565
525
526
528
532
527
529
527
526
526
526
526
530
532
541
531
529
530
587
532
531
587
531
558
587
532
559
587
574
532
532
532
532
588
534
535
537
541
536
538
536
542
539
541
543
540
538
539
558
541
540
558
540
546
558
541
547
558
562
541
541
541
541
559
543
544
546
550
545
547
545
1156
548
552
1157
549
547
548
560
554
549
560
549
1160
560
556
1161
560
551
552
554
564
553
555
553
1164
556
564
1165
557
555
556
561
564
557
561
557
1168
561
564
1169
561
559
560
589
566
561
589
561
1181
589
568
1182
589
563
564
566
576
565
567
565
1185
568
576
1186
569
567
568
590
576
569
590
569
1189
590
576
1190
590
571
572
574
605
573
575
573
1202
576
605
1203
577
575
576
595
605
577
596
577
1206
597
605
1207
598
579
580
582
586
581
583
581
587
584
586
588
585
583
584
641
586
585
641
585
591
641
586
592
641
607
586
586
586
586
642
588
589
591
595
590
592
590
1226
593
597
1227
594
592
593
643
599
594
643
594
1230
643
601
1231
643
596
597
599
609
598
600
598
1234
601
609
1235
602
600
601
644
609
602
644
602
1238
644
609
1239
644
604
605
607
606
608
606
1251
609
1252
610
608
609
649
610
650
610
1255
651
1256
652
612
613
615
619
614
616
614
641
617
628
642
618
616
617
1434
630
618
1434
618
645
1434
639
646
1434
619
619
619
619
628
630
621
622
624
623
625
623
629
626
629
627
625
626
631
627
632
627
629
633
629
634
629
649
639
650
640
630
630
630
630
639
1435
632
633
635
634
636
634
640
637
640
638
636
637
1436
638
1437
638
640
1438
640
1439
640
653
1444
654
1445
642
643
645
649
644
646
644
1310
647
651
1311
648
646
647
1457
653
648
1457
648
1314
1457
655
1315
1457
650
651
653
652
654
652
1318
655
1319
656
654
655
1458
656
1458
656
1322
1458
1323
1458
658
659
661
665
660
662
660
666
663
665
667
664
662
663
675
665
664
675
664
670
675
665
671
675
665
665
665
665
674
676
667
668
670
674
669
671
669
913
672
674
914
673
671
672
677
674
673
677
673
917
677
674
918
677
674
674
674
674
921
678
676
677
971
676
676
676
676
678
972
678
938
973
904
939
974
680
681
683
680
680
680
680
682
684
682
872
685
682
682
682
682
873
686
684
685
888
684
684
684
684
686
889
686
876
890
863
877
891
688
689
691
688
688
688
688
690
692
690
810
693
690
690
690
690
811
694
692
693
826
692
692
692
692
694
827
694
814
828
694
694
694
694
815
829
696
697
699
696
696
696
696
698
700
698
731
701
698
698
698
698
732
702
700
701
747
700
700
700
700
702
748
702
735
749
702
702
702
702
736
750
704
705
707
706
706
717
710
718
708
710
709
739
711
713
739
712
711
721
712
739
722
715
739
723
714
740
715
1021
740
716
716
740
727
1023
740
728
718
719
721
720
720
755
724
756
722
724
723
743
725
727
743
726
725
759
726
743
760
729
743
761
728
744
729
1035
744
730
730
744
765
1037
744
766
732
733
735
739
734
736
734
818
737
741
818
738
736
737
794
743
738
795
738
818
796
745
818
797
740
741
743
1053
742
744
742
819
745
1055
819
746
744
745
802
1057
746
803
746
819
804
1059
819
805
748
749
751
748
748
748
748
750
752
750
794
753
750
750
750
750
795
754
752
753
834
752
752
752
752
754
835
754
798
836
754
754
754
754
799
837
756
757
759
758
758
769
762
771
760
762
761
802
763
765
802
764
763
778
764
802
780
767
802
781
766
803
767
1073
803
768
768
803
788
1075
803
789
770
771
773
777
772
774
772
778
775
777
779
776
774
775
842
777
776
842
776
782
842
777
783
842
1083
777
777
777
777
843
779
780
782
786
781
783
781
806
784
788
806
785
783
784
844
790
785
844
785
806
844
792
806
844
787
788
790
1092
789
791
789
807
792
1094
807
793
791
792
845
1096
793
845
793
807
845
1098
807
845
795
796
798
802
797
799
797
822
800
804
822
801
799
800
850
806
801
850
801
822
850
808
822
850
803
804
806
1116
805
807
805
823
808
1118
823
809
807
808
851
1120
809
852
809
823
853
1122
823
854
811
812
814
818
813
815
813
880
816
820
880
817
815
816
863
822
817
863
817
880
863
824
880
863
819
820
822
1140
821
823
821
881
824
1142
881
825
823
824
864
1144
825
865
825
881
866
1146
881
867
827
828
830
827
827
827
827
829
831
829
863
832
850
863
833
831
832
896
859
833
896
833
863
896
861
863
896
835
836
838
842
837
839
837
850
840
844
850
841
839
840
859
846
841
859
841
850
859
848
850
859
843
844
846
1156
845
847
845
851
848
1158
852
849
847
848
860
1160
849
860
849
855
860
1162
856
860
850
850
850
850
864
861
852
853
855
1172
854
856
854
865
857
1174
865
858
856
857
862
1176
858
862
858
865
862
1178
865
862
860
861
897
1181
862
897
862
868
897
1183
869
897
863
863
863
863
884
898
865
866
868
1193
867
869
867
885
870
1195
885
871
869
870
899
1197
871
899
871
885
899
1199
885
899
873
874
876
880
875
877
875
949
878
882
949
879
877
878
904
884
879
904
879
949
904
886
949
904
881
882
884
1210
883
885
883
950
886
1212
950
887
885
886
905
1214
887
906
887
950
907
1216
950
908
889
890
892
896
891
893
891
904
894
898
904
895
893
894
979
900
895
979
895
904
979
902
904
979
897
898
900
1226
899
901
899
905
902
1228
906
903
901
902
980
1230
903
980
903
909
980
1232
910
980
904
904
904
904
967
981
906
907
909
1242
908
910
908
968
911
1244
968
912
910
911
982
1246
912
982
912
968
982
1248
968
982
914
915
917
921
916
918
916
922
919
921
923
920
918
919
938
921
920
938
920
926
938
921
927
938
949
921
921
921
921
939
923
924
926
930
925
927
925
928
932
929
927
928
940
934
929
941
929
942
936
943
931
932
934
951
933
935
933
936
953
937
935
936
948
955
937
948
937
948
957
948
939
938
938
938
938
987
967
948
988
941
942
944
948
943
945
943
946
948
947
945
946
989
948
947
990
947
991
948
992
969
997
950
949
949
949
949
967
1259
950
950
950
950
968
952
953
955
959
954
956
954
957
961
958
956
957
969
963
958
969
958
969
965
969
960
961
963
1261
962
964
962
965
1263
966
964
965
970
1265
966
970
966
970
1267
970
968
969
1009
1277
970
1010
970
1011
1279
1012
972
973
975
979
974
976
974
987
977
981
988
978
976
977
1484
983
978
1484
978
998
1484
985
999
1484
980
981
983
1310
982
984
982
1009
985
1312
1010
986
984
985
1485
1314
986
1485
986
1013
1485
1316
1014
1485
988
987
987
987
987
998
1009
997
999
990
991
993
997
992
994
992
995
997
996
994
995
1000
997
996
1001
996
1002
997
1003
1011
1008
999
998
998
998
998
1486
1013
1008
1487
1001
1002
1004
1008
1003
1005
1003
1006
1008
1007
1005
1006
1488
1008
1007
1489
1007
1490
1008
1491
1015
1496
1010
1011
1013
1326
1012
1014
1012
1015
1328
1016
1014
1015
1508
1330
1016
1508
1016
1508
1332
1508
1045
1018
1019
1045
1025
1020
1045
1020
1031
1045
1028
1032
1022
1053
1023
1026
1053
1024
1024
1053
1035
1029
1053
1036
1047
1027
1028
1027
1054
1029
1047
1054
1030
1047
1030
1039
1030
1054
1040
1047
1054
1041
1049
1032
1033
1049
1039
1034
1049
1034
1069
1049
1042
1070
1036
1057
1037
1040
1057
1038
1038
1057
1073
1043
1057
1074
1051
1041
1042
1041
1058
1043
1051
1058
1044
1051
1044
1077
1044
1058
1078
1051
1058
1079
1046
1047
1049
1132
1048
1050
1048
1061
1051
1132
1062
1052
1050
1051
1108
1132
1052
1109
1052
1065
1110
1132
1066
1111
1054
1055
1057
1061
1056
1058
1056
1140
1059
1063
1140
1060
1058
1059
1116
1065
1060
1117
1060
1140
1118
1067
1140
1119
1062
1063
1065
1134
1064
1066
1064
1141
1067
1134
1141
1068
1066
1067
1124
1134
1068
1125
1068
1141
1126
1134
1141
1127
1108
1070
1071
1108
1077
1072
1108
1072
1085
1108
1080
1087
1074
1116
1075
1078
1116
1076
1076
1116
1094
1081
1116
1095
1110
1079
1080
1079
1117
1081
1110
1117
1082
1110
1082
1101
1082
1117
1102
1110
1117
1103
1083
1083
1083
1083
1083
1083
1083
1083
1156
1085
1086
1088
1112
1087
1089
1087
1100
1090
1112
1101
1091
1089
1090
1157
1112
1091
1157
1091
1104
1157
1112
1105
1157
1093
1094
1096
1100
1095
1097
1095
1120
1098
1102
1120
1099
1097
1098
1158
1104
1099
1158
1099
1120
1158
1106
1120
1158
1101
1102
1104
1114
1103
1105
1103
1121
1106
1114
1121
1107
1105
1106
1159
1114
1107
1159
1107
1121
1159
1114
1121
1159
1109
1110
1112
1136
1111
1113
1111
1124
1114
1136
1125
1115
1113
1114
1164
1136
1115
1165
1115
1128
1166
1136
1129
1167
1117
1118
1120
1124
1119
1121
1119
1144
1122
1126
1144
1123
1121
1122
1172
1128
1123
1173
1123
1144
1174
1130
1144
1175
1125
1126
1128
1138
1127
1129
1127
1145
1130
1138
1145
1131
1129
1130
1180
1138
1131
1180
1131
1145
1180
1138
1145
1180
1133
1134
1136
1202
1135
1137
1135
1148
1138
1202
1149
1139
1137
1138
1185
1202
1139
1186
1139
1152
1187
1202
1153
1188
1141
1142
1144
1148
1143
1145
1143
1210
1146
1150
1210
1147
1145
1146
1193
1152
1147
1194
1147
1210
1195
1154
1210
1196
1149
1150
1152
1204
1151
1153
1151
1211
1154
1204
1211
1155
1153
1154
1201
1204
1155
1201
1155
1211
1201
1204
1211
1201
1157
1158
1160
1164
1159
1161
1159
1172
1162
1166
1173
1163
1161
1162
1181
1168
1163
1181
1163
1176
1181
1170
1177
1181
1165
1166
1168
1185
1167
1169
1167
1180
1170
1185
1180
1171
1169
1170
1182
1185
1171
1182
1171
1180
1182
1185
1180
1182
1173
1174
1176
1180
1175
1177
1175
1193
1178
1180
1193
1179
1177
1178
1183
1180
1179
1183
1179
1193
1183
1180
1193
1183
1187
1194
1184
1182
1183
1226
1189
1184
1226
1184
1197
1226
1191
1198
1226
1186
1187
1189
1206
1188
1190
1188
1201
1191
1206
1201
1192
1190
1191
1227
1206
1192
1227
1192
1201
1227
1206
1201
1227
1194
1195
1197
1201
1196
1198
1196
1214
1199
1201
1214
1200
1198
1199
1228
1201
1200
1228
1200
1214
1228
1201
1214
1228
1208
1215
1229
1203
1204
1206
1251
1205
1207
1205
1218
1208
1251
1219
1209
1207
1208
1234
1251
1209
1235
1209
1222
1236
1251
1223
1237
1211
1212
1214
1218
1213
1215
1213
1259
1216
1220
1259
1217
1215
1216
1242
1222
1217
1243
1217
1259
1244
1224
1259
1245
1219
1220
1222
1253
1221
1223
1221
1260
1224
1253
1260
1225
1223
1224
1250
1253
1225
1250
1225
1260
1250
1253
1260
1250
1227
1228
1230
1234
1229
1231
1229
1242
1232
1236
1243
1233
1231
1232
1310
1238
1233
1310
1233
1246
1310
1240
1247
1310
1235
1236
1238
1255
1237
1239
1237
1250
1240
1255
1250
1241
1239
1240
1311
1255
1241
1311
1241
1250
1311
1255
1250
1311
1243
1244
1246
1250
1245
1247
1245
1277
1248
1250
1277
1249
1247
1248
1312
1250
1249
1312
1249
1277
1312
1250
1277
1312
1257
1278
1313
1252
1253
1255
1254
1256
1254
1281
1257
1282
1258
1256
1257
1318
1258
1319
1258
1299
1320
1300
1321
1260
1259
1259
1259
1259
1277
1281
1260
1260
1260
1260
1278
1262
1263
1265
1269
1264
1266
1264
1267
1271
1268
1266
1267
1279
1273
1268
1279
1268
1279
1275
1279
1270
1271
1273
1283
1272
1274
1272
1275
1285
1276
1274
1275
1280
1287
1276
1280
1276
1280
1289
1280
1278
1279
1326
1299
1280
1327
1280
1328
1301
1329
1282
1281
1281
1281
1281
1299
1282
1282
1282
1282
1300
1284
1285
1287
1291
1286
1288
1286
1289
1293
1290
1288
1289
1301
1295
1290
1301
1290
1301
1297
1301
1292
1293
1295
1294
1296
1294
1297
1298
1296
1297
1302
1298
1303
1298
1304
1305
1300
1301
1334
1300
1300
1300
1300
1335
1301
1301
1301
1301
1336
1303
1304
1306
1305
1307
1305
1308
1309
1307
1308
1337
1309
1338
1309
1339
1340
1311
1312
1314
1318
1313
1315
1313
1326
1316
1320
1327
1317
1315
1316
1590
1322
1317
1590
1317
1330
1590
1324
1331
1590
1319
1320
1322
1321
1323
1321
1334
1324
1335
1325
1323
1324
1591
1325
1591
1325
1345
1591
1346
1591
1327
1328
1330
1334
1329
1331
1329
1332
1336
1333
1331
1332
1592
1345
1333
1592
1333
1592
1347
1592
1335
1336
1345
1335
1335
1335
1335
1346
1336
1336
1336
1336
1347
1338
1339
1341
1340
1342
1340
1343
1344
1342
1343
1348
1344
1349
1344
1350
1351
1346
1347
1593
1346
1346
1346
1346
1594
1347
1347
1347
1347
1595
1349
1350
1352
1351
1353
1351
1354
1355
1353
1354
1596
1355
1597
1355
1598
1599
1357
1358
1360
1364
1359
1361
1359
1365
1362
1364
1365
1363
1361
1362
1367
1364
1363
1368
1363
1365
1369
1364
1365
1370
1378
1366
1375
1366
1379
1376
1378
1379
1377
1368
1369
1371
1375
1370
1372
1370
1376
1373
1375
1376
1374
1372
1373
1381
1375
1374
1382
1374
1376
1383
1375
1376
1384
1378
1377
1389
1377
1379
1390
1378
1379
1391
1434
1380
1410
1380
1484
1379
1379
1379
1379
1457
1485
1433
1382
1383
1385
1389
1384
1386
1384
1390
1387
1389
1390
1388
1386
1387
1392
1389
1388
1393
1388
1390
1394
1389
1390
1395
1410
1391
1400
1391
1411
1390
1390
1390
1390
1410
1412
1409
1393
1394
1396
1400
1395
1397
1395
1401
1398
1400
1402
1399
1397
1398
1400
1399
1399
1405
1400
1406
1410
1409
1402
1403
1405
1409
1404
1406
1404
1415
1407
1409
1416
1408
1406
1407
1409
1408
1408
1419
1409
1420
1410
1423
1459
1433
1412
1413
1411
1411
1411
1411
1433
1414
1423
1414
1509
1413
1413
1413
1413
1433
1510
1432
1416
1417
1419
1423
1418
1420
1418
1424
1421
1423
1425
1422
1420
1421
1423
1422
1422
1428
1423
1429
1433
1432
1425
1426
1428
1432
1427
1429
1427
1513
1430
1432
1514
1431
1429
1430
1432
1431
1431
1517
1432
1518
1433
1521
1482
1531
1434
1434
1434
1434
1457
1459
1435
1435
1435
1435
1444
1446
1437
1438
1440
1439
1441
1439
1445
1442
1445
1443
1441
1442
1447
1443
1448
1443
1445
1449
1445
1450
1445
1458
1455
1458
1456
1446
1446
1446
1446
1455
1460
1448
1449
1451
1450
1452
1450
1456
1453
1456
1454
1452
1453
1461
1454
1462
1454
1456
1463
1456
1464
1456
1458
1469
1458
1470
1458
1590
1482
1591
1483
1459
1459
1459
1459
1482
1460
1460
1460
1460
1469
1471
1462
1463
1465
1464
1466
1464
1470
1467
1470
1468
1466
1467
1472
1468
1473
1468
1470
1474
1470
1475
1470
1483
1480
1483
1481
1471
1471
1471
1471
1480
1473
1474
1476
1475
1477
1475
1481
1478
1481
1479
1477
1478
1479
1479
1481
1481
1481
1483
1483
1483
1615
1616
1485
1484
1484
1484
1484
1484
1484
1484
1484
1590
1508
1531
1487
1486
1486
1486
1486
1497
1508
1496
1498
1489
1490
1492
1496
1491
1493
1491
1494
1496
1495
1493
1494
1499
1496
1495
1500
1495
1501
1496
1502
1508
1507
1498
1497
1497
1497
1497
1532
1508
1507
1533
1500
1501
1503
1507
1502
1504
1502
1505
1507
1506
1504
1505
1534
1507
1506
1535
1506
1536
1507
1537
1508
1542
1592
1508
1508
1508
1508
1510
1511
1509
1509
1509
1509
1531
1512
1521
1512
1532
1511
1511
1511
1511
1531
1533
1530
1514
1515
1517
1521
1516
1518
1516
1522
1519
1521
1523
1520
1518
1519
1521
1520
1520
1526
1521
1527
1531
1530
1523
1524
1526
1530
1525
1527
1525
1543
1528
1530
1544
1529
1527
1528
1530
1529
1529
1547
1530
1548
1531
1551
1615
1531
1531
1531
1531
1533
1532
1532
1532
1532
1532
1532
1532
1532
1568
1542
1551
1535
1536
1538
1542
1537
1539
1537
1540
1542
1541
1539
1540
1552
1542
1541
1553
1541
1554
1542
1555
1570
1542
1542
1542
1542
1544
1545
1547
1551
1546
1548
1546
1552
1549
1551
1553
1550
1548
1549
1551
1550
1550
1556
1551
1557
1572
1551
1551
1551
1551
1553
1554
1556
1560
1555
1557
1555
1558
1562
1559
1557
1558
1564
1559
1559
1566
1561
1562
1564
1574
1563
1565
1563
1566
1576
1567
1565
1566
1578
1567
1567
1580
1569
1570
1572
1617
1571
1573
1571
1570
1570
1570
1570
1619
1571
1571
1571
1571
1573
1572
1572
1572
1572
1621
1573
1573
1573
1573
1575
1576
1578
1582
1577
1579
1577
1580
1584
1581
1579
1580
1586
1581
1581
1588
1583
1584
1586
1623
1585
1587
1585
1588
1625
1589
1587
1588
1627
1589
1589
1629
1591
1592
1615
1591
1591
1591
1591
1616
1592
1592
1592
1592
1592
1592
1592
1592
1594
1595
1604
1594
1594
1594
1594
1605
1595
1595
1595
1595
1606
1597
1598
1600
1599
1601
1599
1602
1603
1601
1602
1607
1603
1608
1603
1609
1610
1605
1606
1639
1605
1605
1605
1605
1640
1606
1606
1606
1606
1641
1608
1609
1611
1610
1612
1610
1613
1614
1612
1613
1642
1614
1643
1614
1644
1645
1616
1615
1615
1615
1615
1616
1616
1616
1616
1618
1619
1621
1639
1620
1622
1620
1619
1619
1619
1619
1641
1620
1620
1620
1620
1622
1621
1621
1621
1621
1650
1622
1622
1622
1622
1624
1625
1627
1631
1626
1628
1626
1629
1633
1630
1628
1629
1635
1630
1630
1637
1632
1633
1635
1652
1634
1636
1634
1637
1654
1638
1636
1637
1656
1638
1638
1658
1640
1641
1650
1640
1640
1640
1640
1651
1641
1641
1641
1641
1641
1641
1641
1641
1643
1644
1646
1645
1647
1645
1648
1649
1647
1648
1660
1649
1661
1649
1662
1663
1651
1650
1650
1650
1650
1651
1651
1651
1651
1653
1654
1656
1660
1655
1657
1655
1658
1662
1659
1657
1658
1664
1659
1659
1666
1661
1662
1664
1663
1665
1663
1666
1667
1665
1666
1667
1667
)
