FoamFile
{
    version     2.0;
    format      ascii;
    class       labelList;
    note       "nPoints:1537	 nCells:905	 nFaces:2988	 nInternalFaces:2292";
    location    "constant/polyMesh";
    object      owner;
}

2988
(
0
0
0
1
1
1
2
2
2
3
3
3
4
4
4
5
5
5
6
6
6
7
7
7
8
8
8
9
9
9
10
10
10
11
11
11
12
12
12
13
13
13
14
14
14
15
15
15
16
16
16
17
17
17
18
18
18
19
19
19
20
20
20
21
21
21
22
22
22
23
23
23
24
24
24
25
25
25
26
26
26
27
27
27
28
28
28
29
52
53
88
89
29
30
30
30
31
31
31
32
32
32
33
33
33
34
34
34
35
35
35
36
36
36
37
37
37
38
38
38
39
39
39
40
40
40
41
41
41
42
42
42
43
43
43
44
44
44
45
45
45
46
46
46
47
47
47
48
48
48
49
49
49
50
50
50
51
51
51
52
52
52
53
55
56
77
78
53
55
57
77
79
54
54
55
55
55
56
58
59
67
68
56
58
60
67
69
57
57
58
58
58
59
61
62
64
65
59
61
63
64
66
60
60
61
61
61
62
62
63
63
64
64
64
65
65
66
66
67
67
67
68
70
71
73
74
68
70
72
73
75
69
69
70
70
70
71
71
72
72
73
73
73
74
74
74
75
75
75
76
76
76
77
77
77
78
80
81
84
85
78
80
82
84
86
79
79
80
80
80
81
81
81
82
82
82
83
83
83
84
84
84
85
85
85
86
86
86
87
87
87
88
88
88
89
89
89
90
90
90
91
91
91
92
92
92
93
93
93
94
94
94
95
95
95
96
96
96
97
97
97
98
98
98
99
99
99
100
100
100
101
101
101
102
102
102
103
103
103
104
104
104
105
105
105
106
106
106
107
107
107
108
108
108
109
109
109
110
110
110
111
111
111
112
112
112
113
113
113
114
114
114
115
115
115
116
116
116
118
127
129
138
140
141
176
177
117
119
121
123
125
118
118
119
119
119
120
120
121
121
121
122
122
123
123
123
124
124
125
125
125
126
126
127
127
127
128
128
130
132
134
136
129
129
130
130
130
131
131
132
132
132
133
133
134
134
134
135
135
136
136
136
137
137
138
138
138
139
139
140
142
143
164
165
140
141
141
141
142
144
145
153
154
142
143
143
143
144
146
147
149
150
144
145
145
145
146
146
147
147
147
148
148
148
149
149
150
150
150
151
151
151
152
152
152
153
155
156
158
159
153
154
154
154
155
155
156
156
156
157
157
157
158
158
158
159
159
159
160
160
160
161
161
161
162
162
162
163
163
163
164
166
167
170
171
164
165
165
165
166
166
166
167
167
167
168
168
168
169
169
169
170
170
170
171
171
171
172
172
172
173
173
173
174
174
174
175
175
175
176
176
176
177
177
177
178
178
178
179
179
179
180
180
182
191
193
202
181
181
183
185
187
189
182
182
183
183
183
184
184
185
185
185
186
186
187
187
187
188
188
189
189
189
190
190
191
191
191
192
192
194
196
198
200
193
193
194
194
194
195
195
196
196
196
197
197
198
198
198
199
199
200
200
200
201
201
202
202
202
203
203
204
204
204
205
205
206
206
206
207
207
207
208
208
208
209
209
209
210
210
210
211
211
211
212
212
212
213
213
213
214
214
214
215
215
215
216
216
216
217
217
217
218
218
218
219
219
219
220
220
220
221
221
221
222
222
222
223
223
223
224
224
224
225
225
225
226
226
226
227
227
227
229
249
251
260
228
228
230
237
239
247
229
229
231
232
234
235
230
230
231
231
232
232
232
233
233
233
234
234
235
235
235
236
236
236
237
237
237
238
238
238
240
241
243
245
239
239
240
240
241
241
241
242
242
242
243
243
243
244
244
244
245
245
245
246
246
246
247
247
247
248
248
248
249
249
249
250
250
250
252
254
256
258
251
251
252
252
252
253
253
253
254
254
254
255
255
255
256
256
256
257
257
257
258
258
258
259
259
259
260
260
260
261
261
261
262
262
262
263
263
263
264
264
264
265
265
265
266
266
266
267
267
267
268
268
268
269
269
269
270
270
270
271
271
271
272
272
272
273
273
273
274
274
274
275
275
275
276
285
286
289
290
276
277
277
277
278
278
278
279
279
280
280
281
281
281
282
282
282
283
283
284
284
285
285
285
286
286
286
287
287
288
288
289
289
289
290
290
290
291
291
292
292
293
295
296
299
300
293
294
294
294
295
295
295
296
296
296
297
297
298
298
299
299
299
300
300
300
301
301
302
302
303
303
304
306
307
310
311
304
305
314
315
318
319
305
306
306
306
307
307
307
308
308
309
309
310
310
310
311
311
311
312
312
313
313
314
314
314
315
315
315
316
316
317
317
318
318
318
319
319
319
320
320
321
321
322
322
322
323
323
323
324
324
325
325
326
328
329
339
340
326
327
327
327
328
330
331
334
335
328
329
329
329
330
330
330
331
331
331
332
332
333
333
334
334
334
335
335
335
336
336
337
337
338
338
339
341
342
345
346
339
340
340
340
341
341
341
342
342
342
343
343
344
344
345
345
345
346
346
346
347
347
348
348
349
349
350
350
351
351
351
352
352
352
353
353
353
354
354
354
355
355
355
356
356
356
357
357
357
358
358
358
359
359
359
360
360
360
361
361
361
362
362
362
363
363
363
364
364
364
365
365
365
366
366
366
367
367
367
368
368
368
369
369
369
370
370
370
371
371
371
372
372
372
373
373
373
374
374
374
375
375
375
376
376
376
377
377
377
378
378
378
379
379
379
380
380
380
381
381
381
382
382
382
383
383
383
384
384
384
385
385
385
386
386
386
387
387
387
388
388
388
389
389
389
390
390
390
414
415
432
433
391
392
394
395
398
399
392
393
402
403
406
407
393
394
394
394
395
395
395
396
396
397
397
398
398
398
399
399
399
400
400
401
401
402
402
402
403
403
403
404
404
405
405
406
406
406
407
407
407
408
408
409
409
410
410
410
411
411
411
412
412
413
413
414
416
417
420
421
414
424
425
428
429
415
416
416
416
417
417
417
418
418
419
419
420
420
420
421
421
421
422
422
423
423
424
424
424
425
425
426
426
427
428
428
428
429
429
430
430
431
432
432
432
435
436
439
440
433
435
437
439
441
434
435
435
435
436
436
437
437
438
439
439
439
440
440
441
441
442
443
443
443
446
447
457
458
444
446
448
457
459
445
446
446
446
449
450
453
454
447
449
451
453
455
448
449
449
449
450
450
451
451
452
453
453
453
454
454
455
455
456
457
457
457
460
461
464
465
458
460
462
464
466
459
460
460
460
461
461
462
462
463
464
464
464
465
465
466
466
467
468
468
468
469
469
469
470
470
470
471
471
471
472
472
472
473
473
473
474
474
474
475
475
475
476
476
476
477
477
477
478
478
478
479
479
479
480
480
480
481
481
481
482
482
482
483
483
483
484
484
484
485
485
485
486
486
486
487
487
487
488
488
488
489
489
489
490
490
490
491
491
523
524
525
526
492
492
492
493
493
493
494
494
494
495
495
495
496
496
496
497
497
497
498
498
498
499
499
499
500
500
500
501
501
501
502
502
513
514
515
516
503
503
503
504
504
504
505
505
505
506
506
506
507
507
507
508
508
509
509
510
510
511
511
512
512
513
513
513
514
514
514
515
515
515
516
516
516
517
517
518
518
519
519
520
520
521
521
522
522
523
523
527
528
529
530
524
524
524
525
525
536
537
538
539
526
526
526
527
527
527
528
528
528
529
529
529
530
530
530
531
531
532
532
533
533
534
534
535
535
536
536
536
537
537
537
538
538
538
539
539
539
540
540
541
541
542
542
543
543
544
544
545
545
547
556
558
567
546
546
548
550
552
554
547
547
548
548
548
549
549
550
550
550
551
551
552
552
552
553
553
554
554
554
555
555
556
556
556
557
557
559
561
563
565
558
558
559
559
559
560
560
561
561
561
562
562
563
563
563
564
564
565
565
565
566
566
567
567
567
568
568
569
569
569
570
570
572
581
583
592
571
573
575
577
579
572
572
573
573
573
574
574
575
575
575
576
576
577
577
577
578
578
579
579
579
580
580
581
581
581
582
582
584
586
588
590
583
584
584
584
585
585
586
586
586
587
587
588
588
589
590
590
591
592
592
593
594
594
595
596
598
599
609
610
621
622
623
624
597
597
597
598
600
601
604
605
598
599
599
599
600
600
600
601
601
601
602
602
603
603
604
604
604
605
605
605
606
606
607
607
608
608
609
611
612
615
616
609
610
610
610
611
611
611
612
612
612
613
613
614
614
615
615
615
616
616
616
617
617
618
618
619
619
620
680
681
682
683
621
621
625
626
627
628
622
622
622
623
623
634
635
636
637
624
624
624
625
625
625
626
626
626
627
627
627
628
628
628
629
629
630
630
631
631
632
632
633
633
634
634
634
635
635
635
636
636
636
637
637
637
638
638
639
639
640
640
641
641
642
642
643
680
681
684
685
644
646
647
650
651
655
656
657
658
645
645
645
646
646
646
647
647
647
648
648
649
649
650
650
650
651
651
651
652
652
653
653
654
672
673
674
675
655
655
655
656
656
656
657
657
657
658
658
658
659
659
660
660
661
661
662
662
663
672
673
676
677
664
664
664
665
665
665
666
666
667
667
668
668
669
669
670
671
672
672
672
673
673
673
674
674
675
675
676
676
677
677
678
679
680
680
680
681
681
681
682
686
687
688
689
683
694
695
696
697
684
686
687
690
691
685
694
695
698
699
686
686
686
687
687
687
688
688
689
689
690
690
691
691
692
693
694
694
694
695
695
695
696
696
697
697
698
698
699
699
700
701
702
702
702
705
706
716
717
703
705
707
716
718
729
730
731
732
705
705
705
708
709
712
713
706
708
710
712
714
707
708
708
708
709
709
710
710
711
712
712
712
713
713
714
714
715
716
716
716
719
720
723
724
717
719
721
723
725
718
719
719
719
720
720
721
721
722
723
723
723
724
724
725
725
726
727
729
730
733
734
751
752
762
763
729
729
729
730
730
730
731
735
736
737
738
732
743
744
745
746
733
735
736
739
740
734
743
744
747
748
735
735
735
736
736
736
737
737
738
738
739
739
740
740
741
742
743
743
743
744
744
744
745
745
746
746
747
747
748
748
749
750
751
751
751
754
755
758
759
752
754
756
758
760
764
765
766
767
754
754
754
755
755
756
756
757
758
758
758
759
759
760
760
761
762
764
765
768
769
772
773
776
777
764
764
764
765
765
765
766
766
767
767
768
768
769
769
770
771
772
772
772
773
773
774
774
775
776
776
777
778
62
63
65
66
71
72
76
146
148
149
151
155
157
160
231
233
234
236
240
242
244
351
352
354
355
360
361
363
0
1
2
3
8
9
10
11
12
17
29
30
31
32
33
38
39
40
41
42
47
52
53
54
55
56
57
58
59
60
117
118
119
120
121
122
127
128
140
141
142
143
144
145
152
163
175
180
206
207
208
209
214
215
216
217
218
223
228
229
230
237
238
249
250
262
263
268
269
270
271
276
277
278
279
280
285
286
287
288
304
305
306
307
308
309
314
315
316
317
357
358
359
370
371
372
384
385
386
391
392
393
394
395
396
397
402
403
404
405
414
415
416
417
418
419
424
425
426
427
0
0
1
2
4
4
5
6
8
9
11
13
15
18
18
19
20
22
22
23
24
26
27
29
30
32
34
36
39
41
43
45
48
50
92
92
93
94
96
96
97
98
100
101
103
103
104
105
107
107
108
109
111
112
114
115
117
118
119
120
120
122
123
124
124
126
128
129
130
131
131
133
134
135
135
137
139
180
181
182
183
184
184
186
187
188
188
190
192
193
194
195
195
197
198
199
199
201
203
205
206
208
210
212
215
217
219
221
224
226
268
270
272
274
277
279
279
280
281
283
283
284
287
288
291
292
293
295
297
297
298
299
301
301
302
303
308
309
312
313
316
317
320
321
324
325
326
328
330
332
332
333
334
336
336
337
338
339
341
343
343
344
345
347
347
348
349
350
391
396
397
400
401
404
405
408
409
412
413
415
418
419
422
423
425
426
427
427
429
430
431
431
433
434
436
437
438
438
440
441
442
442
444
445
447
448
450
451
452
452
454
455
456
456
458
459
461
462
463
463
465
466
467
467
468
468
469
470
472
472
473
474
476
477
479
479
480
481
483
483
484
485
487
488
490
491
493
493
494
495
497
497
498
499
501
502
504
504
505
506
508
508
508
509
509
510
510
511
512
512
513
515
517
517
518
519
519
520
521
522
522
523
525
527
529
531
531
532
533
533
534
535
536
538
540
540
541
542
542
543
544
545
546
547
548
549
549
551
552
553
553
555
557
558
559
560
560
562
563
564
564
566
568
570
571
571
572
573
574
574
576
577
578
578
580
582
583
583
584
585
585
587
588
588
589
589
589
590
591
591
592
593
593
594
595
595
596
598
600
602
602
603
604
606
606
607
608
609
611
613
613
614
615
617
617
618
619
620
621
623
625
627
629
629
630
631
631
632
633
634
636
638
638
639
640
640
641
642
643
644
646
648
648
649
650
652
652
653
654
655
657
659
659
660
661
661
662
663
664
666
666
667
668
668
669
670
670
670
671
671
674
675
676
677
678
678
679
679
682
683
684
685
688
689
690
691
692
692
693
693
696
697
698
699
700
700
701
701
703
704
706
707
709
710
711
711
713
714
715
715
717
718
720
721
722
722
724
725
726
726
727
728
728
731
732
733
734
737
738
739
740
741
741
742
742
745
746
747
748
749
749
750
750
752
753
755
756
757
757
759
760
761
761
762
763
763
766
767
768
769
770
770
771
771
773
774
775
775
776
777
777
778
778
779
779
779
61
62
63
146
147
148
231
232
233
351
352
353
)
