FoamFile
{
    version     2.0;
    format      ascii;
    class       vectorField;
    location    "constant/polyMesh";
    object      points;
}

2406
(
( -60.63 -60.63 -0.63 )
( -52.6763 -60.63 -0.63 )
( -52.6763 -52.6763 -0.63 )
( -60.63 -52.6763 -0.63 )
( -60.63 -60.63 7.32375 )
( -52.6763 -60.63 7.32375 )
( -52.6763 -52.6763 7.32375 )
( -60.63 -52.6763 7.32375 )
( -44.7225 -60.63 -0.63 )
( -44.7225 -52.6763 -0.63 )
( -44.7225 -60.63 7.32375 )
( -44.7225 -52.6763 7.32375 )
( -52.6763 -44.7225 -0.63 )
( -60.63 -44.7225 -0.63 )
( -52.6763 -44.7225 7.32375 )
( -60.63 -44.7225 7.32375 )
( -44.7225 -44.7225 -0.63 )
( -44.7225 -44.7225 7.32375 )
( -60.63 -60.63 15.2775 )
( -52.6763 -60.63 15.2775 )
( -52.6763 -52.6763 15.2775 )
( -60.63 -52.6763 15.2775 )
( -44.7225 -60.63 15.2775 )
( -44.7225 -52.6763 15.2775 )
( -52.6763 -44.7225 15.2775 )
( -60.63 -44.7225 15.2775 )
( -44.7225 -44.7225 15.2775 )
( -28.815 -60.63 -0.63 )
( -28.815 -44.7225 -0.63 )
( -28.815 -60.63 15.2775 )
( -28.815 -44.7225 15.2775 )
( -52.6763 -36.7688 -0.63 )
( -60.63 -36.7688 -0.63 )
( -52.6763 -36.7688 7.32375 )
( -60.63 -36.7688 7.32375 )
( -44.7225 -36.7688 -0.63 )
( -44.7225 -36.7688 7.32375 )
( -52.6763 -28.815 -0.63 )
( -60.63 -28.815 -0.63 )
( -52.6763 -28.815 7.32375 )
( -60.63 -28.815 7.32375 )
( -44.7225 -28.815 -0.63 )
( -44.7225 -28.815 7.32375 )
( -52.6763 -36.7688 15.2775 )
( -60.63 -36.7688 15.2775 )
( -44.7225 -36.7688 15.2775 )
( -52.6763 -28.815 15.2775 )
( -60.63 -28.815 15.2775 )
( -44.7225 -28.815 15.2775 )
( -28.815 -28.815 -0.63 )
( -28.815 -28.815 15.2775 )
( -60.63 -60.63 23.2312 )
( -52.6763 -60.63 23.2312 )
( -52.6763 -52.6763 23.2312 )
( -60.63 -52.6763 23.2312 )
( -44.7225 -60.63 23.2312 )
( -44.7225 -52.6763 23.2312 )
( -52.6763 -44.7225 23.2312 )
( -60.63 -44.7225 23.2312 )
( -44.7225 -44.7225 23.2312 )
( -60.63 -60.63 31.185 )
( -52.6763 -60.63 31.185 )
( -52.6763 -52.6763 31.185 )
( -60.63 -52.6763 31.185 )
( -44.7225 -60.63 31.185 )
( -44.7225 -52.6763 31.185 )
( -52.6763 -44.7225 31.185 )
( -60.63 -44.7225 31.185 )
( -44.7225 -44.7225 31.185 )
( -28.815 -60.63 31.185 )
( -28.815 -44.7225 31.185 )
( -44.7225 -28.815 31.185 )
( -60.63 -28.815 31.185 )
( -28.815 -28.815 31.185 )
( 3 -60.63 -0.63 )
( 3 -28.815 -0.63 )
( 3 -60.63 31.185 )
( 3 -28.815 31.185 )
( -52.6763 -20.8613 -0.63 )
( -60.63 -20.8613 -0.63 )
( -52.6763 -20.8613 7.32375 )
( -60.63 -20.8613 7.32375 )
( -44.7225 -20.8613 -0.63 )
( -44.7225 -20.8613 7.32375 )
( -52.6763 -12.9075 -0.63 )
( -60.63 -12.9075 -0.63 )
( -52.6763 -12.9075 7.32375 )
( -60.63 -12.9075 7.32375 )
( -44.7225 -12.9075 -0.63 )
( -44.7225 -12.9075 7.32375 )
( -52.6763 -20.8613 15.2775 )
( -60.63 -20.8613 15.2775 )
( -44.7225 -20.8613 15.2775 )
( -52.6763 -12.9075 15.2775 )
( -60.63 -12.9075 15.2775 )
( -44.7225 -12.9075 15.2775 )
( -28.815 -12.9075 -0.63 )
( -28.815 -12.9075 15.2775 )
( -52.6763 -4.95375 -0.63 )
( -60.63 -4.95375 -0.63 )
( -52.6763 -4.95375 7.32375 )
( -60.63 -4.95375 7.32375 )
( -44.7225 -4.95375 -0.63 )
( -44.7225 -4.95375 7.32375 )
( -52.6763 3 -0.63 )
( -60.63 3 -0.63 )
( -52.6763 3 7.32375 )
( -60.63 3 7.32375 )
( -44.7225 3 -0.63 )
( -44.7225 3 7.32375 )
( -52.6763 -4.95375 15.2775 )
( -60.63 -4.95375 15.2775 )
( -44.7225 -4.95375 15.2775 )
( -52.6763 3 15.2775 )
( -60.63 3 15.2775 )
( -44.7225 3 15.2775 )
( -28.815 3 -0.63 )
( -28.815 3 15.2775 )
( -44.7225 -12.9075 31.185 )
( -60.63 -12.9075 31.185 )
( -28.815 -12.9075 31.185 )
( -44.7225 3 31.185 )
( -60.63 3 31.185 )
( -28.815 3 31.185 )
( -12.9075 -28.815 -0.63 )
( -12.9075 -12.9075 -0.63 )
( -12.9075 -28.815 15.2775 )
( -12.9075 -12.9075 15.2775 )
( 3 -12.9075 -0.63 )
( 3 -28.815 15.2775 )
( 3 -12.9075 15.2775 )
( -12.9075 3 -0.63 )
( -12.9075 3 15.2775 )
( -4.95375 -12.9075 -0.63 )
( -4.95375 -4.95375 -0.63 )
( -12.9075 -4.95375 -0.63 )
( -12.9075 -12.9075 7.32375 )
( -4.95375 -12.9075 7.32375 )
( -4.95375 -4.95375 7.32375 )
( -12.9075 -4.95375 7.32375 )
( 3 -4.95375 -0.63 )
( 3 -12.9075 7.32375 )
( 3 -4.95375 7.32375 )
( -4.95375 3 -0.63 )
( -4.95375 3 7.32375 )
( -12.9075 3 7.32375 )
( -2.96531 -4.95375 -0.63 )
( -2.96531 -2.96531 -0.63 )
( -4.95375 -2.96531 -0.63 )
( -4.95375 -4.95375 1.35844 )
( -2.96531 -4.95375 1.35844 )
( -2.96531 -2.96531 1.35844 )
( -4.95375 -2.96531 1.35844 )
( -0.976875 -4.95375 -0.63 )
( -0.976875 -2.96531 -0.63 )
( -0.976875 -4.95375 1.35844 )
( -0.976875 -2.96531 1.35844 )
( -2.96531 -0.976875 -0.63 )
( -4.95375 -0.976875 -0.63 )
( -2.96531 -0.976875 1.35844 )
( -4.95375 -0.976875 1.35844 )
( -0.976875 -0.976875 -0.63 )
( -0.976875 -0.976875 1.35844 )
( -4.95375 -4.95375 3.34687 )
( -2.96531 -4.95375 3.34687 )
( -2.96531 -2.96531 3.34687 )
( -4.95375 -2.96531 3.34687 )
( -0.976875 -4.95375 3.34687 )
( -0.976875 -2.96531 3.34687 )
( -2.96531 -0.976875 3.34687 )
( -4.95375 -0.976875 3.34687 )
( -0.976875 -0.976875 3.34687 )
( 1.01156 -4.95375 -0.63 )
( 1.01156 -2.96531 -0.63 )
( 1.01156 -4.95375 1.35844 )
( 1.01156 -2.96531 1.35844 )
( 3 -2.96531 -0.63 )
( 3 -4.95375 1.35844 )
( 3 -2.96531 1.35844 )
( 1.01156 -0.976875 -0.63 )
( 1.01156 -0.976875 1.35844 )
( 3 -0.976875 -0.63 )
( 3 -0.976875 1.35844 )
( 1.01156 -4.95375 3.34687 )
( 1.01156 -2.96531 3.34687 )
( 3 -4.95375 3.34687 )
( 3 -2.96531 3.34687 )
( 1.01156 -0.976875 3.34687 )
( 3 -0.976875 3.34687 )
( -2.96531 1.01156 -0.63 )
( -4.95375 1.01156 -0.63 )
( -2.96531 1.01156 1.35844 )
( -4.95375 1.01156 1.35844 )
( -0.976875 1.01156 -0.63 )
( -0.976875 1.01156 1.35844 )
( -2.96531 3 -0.63 )
( -2.96531 3 1.35844 )
( -4.95375 3 1.35844 )
( -0.976875 3 -0.63 )
( -0.976875 3 1.35844 )
( -2.96531 1.01156 3.34687 )
( -4.95375 1.01156 3.34687 )
( -0.976875 1.01156 3.34687 )
( -2.96531 3 3.34687 )
( -4.95375 3 3.34687 )
( -0.976875 3 3.34687 )
( 0.0173437 -0.976875 -0.63 )
( 0.0173437 0.0173437 -0.63 )
( -0.976875 0.0173437 -0.63 )
( -0.976875 -0.976875 0.364219 )
( 0.0173437 -0.976875 0.364219 )
( 0.0173437 0.0173437 0.364219 )
( -0.976875 0.0173437 0.364219 )
( 1.01156 0.0173437 -0.63 )
( 1.01156 -0.976875 0.364219 )
( 1.01156 0.0173437 0.364219 )
( 0.0173437 1.01156 -0.63 )
( 0.0173437 1.01156 0.364219 )
( -0.976875 1.01156 0.364219 )
( 1.01156 1.01156 -0.63 )
( 1.01156 1.01156 0.364219 )
( 0.0173437 -0.976875 1.35844 )
( 0.0173437 0.0173437 1.35844 )
( -0.976875 0.0173437 1.35844 )
( 1.01156 0.0173437 1.35844 )
( 0.0173437 1.01156 1.35844 )
( 1.01156 1.01156 1.35844 )
( 2.00578 -0.976875 -0.63 )
( 2.00578 0.0173437 -0.63 )
( 2.00578 -0.976875 0.364219 )
( 2.00578 0.0173437 0.364219 )
( 3 0.0173437 -0.63 )
( 3 -0.976875 0.364219 )
( 3 0.0173437 0.364219 )
( 2.00578 1.01156 -0.63 )
( 2.00578 1.01156 0.364219 )
( 3 1.01156 -0.63 )
( 3 1.01156 0.364219 )
( 2.00578 -0.976875 1.35844 )
( 2.00578 0.0173437 1.35844 )
( 3 0.0173437 1.35844 )
( 2.00578 1.01156 1.35844 )
( 3 1.01156 1.35844 )
( 0.0173437 2.00578 -0.63 )
( -0.976875 2.00578 -0.63 )
( 0.0173437 2.00578 0.364219 )
( -0.976875 2.00578 0.364219 )
( 1.01156 2.00578 -0.63 )
( 1.01156 2.00578 0.364219 )
( 0.0173437 3 -0.63 )
( 0.0173437 3 0.364219 )
( -0.976875 3 0.364219 )
( 1.01156 3 -0.63 )
( 1.01156 3 0.364219 )
( 0.0173437 2.00578 1.35844 )
( -0.976875 2.00578 1.35844 )
( 1.01156 2.00578 1.35844 )
( 0.0173437 3 1.35844 )
( 1.01156 3 1.35844 )
( 3 3 -0.63 )
( 3 3 1.35844 )
( -0.976875 -0.976875 2.35266 )
( 0.0173437 -0.976875 2.35266 )
( 0.0173437 0.0173437 2.35266 )
( -0.976875 0.0173437 2.35266 )
( 1.01156 -0.976875 2.35266 )
( 1.01156 0.0173437 2.35266 )
( 0.0173437 1.01156 2.35266 )
( -0.976875 1.01156 2.35266 )
( 1.01156 1.01156 2.35266 )
( 0.0173437 -0.976875 3.34687 )
( 0.0173437 0.0173437 3.34687 )
( -0.976875 0.0173437 3.34687 )
( 1.01156 0.0173437 3.34687 )
( 0.0173437 1.01156 3.34687 )
( 1.01156 1.01156 3.34687 )
( 2.00578 -0.976875 2.35266 )
( 2.00578 0.0173437 2.35266 )
( 3 -0.976875 2.35266 )
( 3 0.0173437 2.35266 )
( 2.00578 1.01156 2.35266 )
( 3 1.01156 2.35266 )
( 2.00578 -0.976875 3.34687 )
( 2.00578 0.0173437 3.34687 )
( 3 0.0173437 3.34687 )
( 2.00578 1.01156 3.34687 )
( 3 1.01156 3.34687 )
( 0.0173437 2.00578 2.35266 )
( -0.976875 2.00578 2.35266 )
( 1.01156 2.00578 2.35266 )
( 0.0173437 3 2.35266 )
( -0.976875 3 2.35266 )
( 1.01156 3 2.35266 )
( 0.0173437 2.00578 3.34687 )
( -0.976875 2.00578 3.34687 )
( 1.01156 2.00578 3.34687 )
( 0.0173437 3 3.34687 )
( 1.01156 3 3.34687 )
( 3 3 3.34687 )
( -4.95375 -4.95375 5.33531 )
( -2.96531 -4.95375 5.33531 )
( -2.96531 -2.96531 5.33531 )
( -4.95375 -2.96531 5.33531 )
( -0.976875 -4.95375 5.33531 )
( -0.976875 -2.96531 5.33531 )
( -2.96531 -0.976875 5.33531 )
( -4.95375 -0.976875 5.33531 )
( -0.976875 -0.976875 5.33531 )
( -2.96531 -4.95375 7.32375 )
( -2.96531 -2.96531 7.32375 )
( -4.95375 -2.96531 7.32375 )
( -0.976875 -4.95375 7.32375 )
( -0.976875 -2.96531 7.32375 )
( -2.96531 -0.976875 7.32375 )
( -4.95375 -0.976875 7.32375 )
( -0.976875 -0.976875 7.32375 )
( 1.01156 -4.95375 5.33531 )
( 1.01156 -2.96531 5.33531 )
( 3 -4.95375 5.33531 )
( 3 -2.96531 5.33531 )
( 1.01156 -0.976875 5.33531 )
( 3 -0.976875 5.33531 )
( 1.01156 -4.95375 7.32375 )
( 1.01156 -2.96531 7.32375 )
( 3 -2.96531 7.32375 )
( 1.01156 -0.976875 7.32375 )
( 3 -0.976875 7.32375 )
( -2.96531 1.01156 5.33531 )
( -4.95375 1.01156 5.33531 )
( -0.976875 1.01156 5.33531 )
( -2.96531 3 5.33531 )
( -4.95375 3 5.33531 )
( -0.976875 3 5.33531 )
( -2.96531 1.01156 7.32375 )
( -4.95375 1.01156 7.32375 )
( -0.976875 1.01156 7.32375 )
( -2.96531 3 7.32375 )
( -0.976875 3 7.32375 )
( -0.976875 -0.976875 4.34109 )
( 0.0173437 -0.976875 4.34109 )
( 0.0173437 0.0173437 4.34109 )
( -0.976875 0.0173437 4.34109 )
( 1.01156 -0.976875 4.34109 )
( 1.01156 0.0173437 4.34109 )
( 0.0173437 1.01156 4.34109 )
( -0.976875 1.01156 4.34109 )
( 1.01156 1.01156 4.34109 )
( 0.0173437 -0.976875 5.33531 )
( 0.0173437 0.0173437 5.33531 )
( -0.976875 0.0173437 5.33531 )
( 1.01156 0.0173437 5.33531 )
( 0.0173437 1.01156 5.33531 )
( 1.01156 1.01156 5.33531 )
( 2.00578 -0.976875 4.34109 )
( 2.00578 0.0173437 4.34109 )
( 3 -0.976875 4.34109 )
( 3 0.0173437 4.34109 )
( 2.00578 1.01156 4.34109 )
( 3 1.01156 4.34109 )
( 2.00578 -0.976875 5.33531 )
( 2.00578 0.0173437 5.33531 )
( 3 0.0173437 5.33531 )
( 2.00578 1.01156 5.33531 )
( 3 1.01156 5.33531 )
( 0.0173437 2.00578 4.34109 )
( -0.976875 2.00578 4.34109 )
( 1.01156 2.00578 4.34109 )
( 0.0173437 3 4.34109 )
( -0.976875 3 4.34109 )
( 1.01156 3 4.34109 )
( 0.0173437 2.00578 5.33531 )
( -0.976875 2.00578 5.33531 )
( 1.01156 2.00578 5.33531 )
( 0.0173437 3 5.33531 )
( 1.01156 3 5.33531 )
( 3 3 5.33531 )
( -0.976875 -0.976875 6.32953 )
( 0.0173437 -0.976875 6.32953 )
( 0.0173437 0.0173437 6.32953 )
( -0.976875 0.0173437 6.32953 )
( 1.01156 -0.976875 6.32953 )
( 1.01156 0.0173437 6.32953 )
( 0.0173437 1.01156 6.32953 )
( -0.976875 1.01156 6.32953 )
( 1.01156 1.01156 6.32953 )
( 0.0173437 -0.976875 7.32375 )
( 0.0173437 0.0173437 7.32375 )
( -0.976875 0.0173437 7.32375 )
( 1.01156 0.0173437 7.32375 )
( 0.0173437 1.01156 7.32375 )
( 1.01156 1.01156 7.32375 )
( 2.00578 -0.976875 6.32953 )
( 2.00578 0.0173437 6.32953 )
( 3 -0.976875 6.32953 )
( 3 0.0173437 6.32953 )
( 2.00578 1.01156 6.32953 )
( 3 1.01156 6.32953 )
( 2.00578 -0.976875 7.32375 )
( 2.00578 0.0173437 7.32375 )
( 3 0.0173437 7.32375 )
( 2.00578 1.01156 7.32375 )
( 3 1.01156 7.32375 )
( 0.0173437 2.00578 6.32953 )
( -0.976875 2.00578 6.32953 )
( 1.01156 2.00578 6.32953 )
( 0.0173437 3 6.32953 )
( -0.976875 3 6.32953 )
( 1.01156 3 6.32953 )
( 0.0173437 2.00578 7.32375 )
( -0.976875 2.00578 7.32375 )
( 1.01156 2.00578 7.32375 )
( 0.0173437 3 7.32375 )
( 1.01156 3 7.32375 )
( 3 3 7.32375 )
( -4.95375 -12.9075 15.2775 )
( -4.95375 -4.95375 15.2775 )
( -12.9075 -4.95375 15.2775 )
( 3 -4.95375 15.2775 )
( -4.95375 3 15.2775 )
( -4.95375 -4.95375 11.3006 )
( -0.976875 -4.95375 11.3006 )
( -0.976875 -0.976875 11.3006 )
( -4.95375 -0.976875 11.3006 )
( -0.976875 -4.95375 9.31219 )
( 1.01156 -4.95375 9.31219 )
( 1.01156 -2.96531 9.31219 )
( -0.976875 -2.96531 9.31219 )
( 3 -4.95375 9.31219 )
( 3 -2.96531 9.31219 )
( 1.01156 -0.976875 9.31219 )
( -0.976875 -0.976875 9.31219 )
( 3 -0.976875 9.31219 )
( 1.01156 -4.95375 11.3006 )
( 1.01156 -2.96531 11.3006 )
( -0.976875 -2.96531 11.3006 )
( 3 -4.95375 11.3006 )
( 3 -2.96531 11.3006 )
( 1.01156 -0.976875 11.3006 )
( 3 -0.976875 11.3006 )
( -4.95375 -0.976875 9.31219 )
( -2.96531 -0.976875 9.31219 )
( -2.96531 1.01156 9.31219 )
( -4.95375 1.01156 9.31219 )
( -0.976875 1.01156 9.31219 )
( -2.96531 3 9.31219 )
( -4.95375 3 9.31219 )
( -0.976875 3 9.31219 )
( -2.96531 -0.976875 11.3006 )
( -2.96531 1.01156 11.3006 )
( -4.95375 1.01156 11.3006 )
( -0.976875 1.01156 11.3006 )
( -2.96531 3 11.3006 )
( -4.95375 3 11.3006 )
( -0.976875 3 11.3006 )
( 1.01156 1.01156 9.31219 )
( 3 1.01156 9.31219 )
( 1.01156 3 9.31219 )
( 3 3 9.31219 )
( 1.01156 1.01156 11.3006 )
( 3 1.01156 11.3006 )
( 1.01156 3 11.3006 )
( 3 3 11.3006 )
( -0.976875 -4.95375 15.2775 )
( -0.976875 -0.976875 15.2775 )
( -4.95375 -0.976875 15.2775 )
( 3 -0.976875 15.2775 )
( -0.976875 3 15.2775 )
( 3 3 15.2775 )
( -12.9075 -28.815 31.185 )
( -12.9075 -12.9075 31.185 )
( 3 -12.9075 31.185 )
( -12.9075 3 31.185 )
( 3 3 31.185 )
( -60.63 -60.63 39.1388 )
( -52.6763 -60.63 39.1388 )
( -52.6763 -52.6763 39.1388 )
( -60.63 -52.6763 39.1388 )
( -44.7225 -60.63 39.1388 )
( -44.7225 -52.6763 39.1388 )
( -52.6763 -44.7225 39.1388 )
( -60.63 -44.7225 39.1388 )
( -44.7225 -44.7225 39.1388 )
( -60.63 -60.63 47.0925 )
( -52.6763 -60.63 47.0925 )
( -52.6763 -52.6763 47.0925 )
( -60.63 -52.6763 47.0925 )
( -44.7225 -60.63 47.0925 )
( -44.7225 -52.6763 47.0925 )
( -52.6763 -44.7225 47.0925 )
( -60.63 -44.7225 47.0925 )
( -44.7225 -44.7225 47.0925 )
( -28.815 -60.63 47.0925 )
( -28.815 -44.7225 47.0925 )
( -44.7225 -28.815 47.0925 )
( -60.63 -28.815 47.0925 )
( -28.815 -28.815 47.0925 )
( -60.63 -60.63 55.0463 )
( -52.6763 -60.63 55.0463 )
( -52.6763 -52.6763 55.0463 )
( -60.63 -52.6763 55.0463 )
( -44.7225 -60.63 55.0463 )
( -44.7225 -52.6763 55.0463 )
( -52.6763 -44.7225 55.0463 )
( -60.63 -44.7225 55.0463 )
( -44.7225 -44.7225 55.0463 )
( -60.63 -60.63 63 )
( -52.6763 -60.63 63 )
( -52.6763 -52.6763 63 )
( -60.63 -52.6763 63 )
( -44.7225 -60.63 63 )
( -44.7225 -52.6763 63 )
( -52.6763 -44.7225 63 )
( -60.63 -44.7225 63 )
( -44.7225 -44.7225 63 )
( -28.815 -60.63 63 )
( -28.815 -44.7225 63 )
( -44.7225 -28.815 63 )
( -60.63 -28.815 63 )
( -28.815 -28.815 63 )
( 3 -60.63 63 )
( 3 -28.815 63 )
( -28.815 3 63 )
( -60.63 3 63 )
( 3 3 63 )
( 34.815 -60.63 -0.63 )
( 34.815 -28.815 -0.63 )
( 34.815 -60.63 31.185 )
( 34.815 -28.815 31.185 )
( 50.7225 -60.63 -0.63 )
( 50.7225 -44.7225 -0.63 )
( 34.815 -44.7225 -0.63 )
( 34.815 -60.63 15.2775 )
( 50.7225 -60.63 15.2775 )
( 50.7225 -44.7225 15.2775 )
( 34.815 -44.7225 15.2775 )
( 58.6762 -60.63 -0.63 )
( 58.6762 -52.6763 -0.63 )
( 50.7225 -52.6763 -0.63 )
( 50.7225 -60.63 7.32375 )
( 58.6762 -60.63 7.32375 )
( 58.6762 -52.6763 7.32375 )
( 50.7225 -52.6763 7.32375 )
( 66.63 -60.63 -0.63 )
( 66.63 -52.6763 -0.63 )
( 66.63 -60.63 7.32375 )
( 66.63 -52.6763 7.32375 )
( 58.6762 -44.7225 -0.63 )
( 58.6762 -44.7225 7.32375 )
( 50.7225 -44.7225 7.32375 )
( 66.63 -44.7225 -0.63 )
( 66.63 -44.7225 7.32375 )
( 58.6762 -60.63 15.2775 )
( 58.6762 -52.6763 15.2775 )
( 50.7225 -52.6763 15.2775 )
( 66.63 -60.63 15.2775 )
( 66.63 -52.6763 15.2775 )
( 58.6762 -44.7225 15.2775 )
( 66.63 -44.7225 15.2775 )
( 50.7225 -28.815 -0.63 )
( 50.7225 -28.815 15.2775 )
( 34.815 -28.815 15.2775 )
( 66.63 -28.815 -0.63 )
( 66.63 -28.815 15.2775 )
( 50.7225 -60.63 31.185 )
( 50.7225 -44.7225 31.185 )
( 34.815 -44.7225 31.185 )
( 50.7225 -60.63 23.2312 )
( 58.6762 -60.63 23.2312 )
( 58.6762 -52.6763 23.2312 )
( 50.7225 -52.6763 23.2312 )
( 66.63 -60.63 23.2312 )
( 66.63 -52.6763 23.2312 )
( 58.6762 -44.7225 23.2312 )
( 50.7225 -44.7225 23.2312 )
( 66.63 -44.7225 23.2312 )
( 58.6762 -60.63 31.185 )
( 58.6762 -52.6763 31.185 )
( 50.7225 -52.6763 31.185 )
( 66.63 -60.63 31.185 )
( 66.63 -52.6763 31.185 )
( 58.6762 -44.7225 31.185 )
( 66.63 -44.7225 31.185 )
( 50.7225 -28.815 31.185 )
( 66.63 -28.815 31.185 )
( 18.9075 -28.815 -0.63 )
( 18.9075 -12.9075 -0.63 )
( 18.9075 -28.815 15.2775 )
( 18.9075 -12.9075 15.2775 )
( 34.815 -12.9075 -0.63 )
( 34.815 -12.9075 15.2775 )
( 10.9537 -12.9075 -0.63 )
( 10.9537 -4.95375 -0.63 )
( 10.9537 -12.9075 7.32375 )
( 10.9537 -4.95375 7.32375 )
( 18.9075 -4.95375 -0.63 )
( 18.9075 -12.9075 7.32375 )
( 18.9075 -4.95375 7.32375 )
( 4.98844 -4.95375 -0.63 )
( 4.98844 -2.96531 -0.63 )
( 4.98844 -4.95375 1.35844 )
( 4.98844 -2.96531 1.35844 )
( 6.97687 -4.95375 -0.63 )
( 6.97687 -2.96531 -0.63 )
( 6.97687 -4.95375 1.35844 )
( 6.97687 -2.96531 1.35844 )
( 4.98844 -0.976875 -0.63 )
( 4.98844 -0.976875 1.35844 )
( 6.97687 -0.976875 -0.63 )
( 6.97687 -0.976875 1.35844 )
( 4.98844 -4.95375 3.34687 )
( 4.98844 -2.96531 3.34687 )
( 6.97687 -4.95375 3.34687 )
( 6.97687 -2.96531 3.34687 )
( 4.98844 -0.976875 3.34687 )
( 6.97687 -0.976875 3.34687 )
( 8.96531 -4.95375 -0.63 )
( 8.96531 -2.96531 -0.63 )
( 8.96531 -4.95375 1.35844 )
( 8.96531 -2.96531 1.35844 )
( 10.9537 -2.96531 -0.63 )
( 10.9537 -4.95375 1.35844 )
( 10.9537 -2.96531 1.35844 )
( 8.96531 -0.976875 -0.63 )
( 8.96531 -0.976875 1.35844 )
( 10.9537 -0.976875 -0.63 )
( 10.9537 -0.976875 1.35844 )
( 8.96531 -4.95375 3.34687 )
( 8.96531 -2.96531 3.34687 )
( 10.9537 -4.95375 3.34687 )
( 10.9537 -2.96531 3.34687 )
( 8.96531 -0.976875 3.34687 )
( 10.9537 -0.976875 3.34687 )
( 3.99422 -0.976875 -0.63 )
( 3.99422 0.0173437 -0.63 )
( 3.99422 -0.976875 0.364219 )
( 3.99422 0.0173437 0.364219 )
( 4.98844 0.0173437 -0.63 )
( 4.98844 -0.976875 0.364219 )
( 4.98844 0.0173437 0.364219 )
( 3.99422 1.01156 -0.63 )
( 3.99422 1.01156 0.364219 )
( 4.98844 1.01156 -0.63 )
( 4.98844 1.01156 0.364219 )
( 3.99422 -0.976875 1.35844 )
( 3.99422 0.0173437 1.35844 )
( 4.98844 0.0173437 1.35844 )
( 3.99422 1.01156 1.35844 )
( 4.98844 1.01156 1.35844 )
( 5.98266 -0.976875 -0.63 )
( 5.98266 0.0173437 -0.63 )
( 5.98266 -0.976875 0.364219 )
( 5.98266 0.0173437 0.364219 )
( 6.97687 0.0173437 -0.63 )
( 6.97687 -0.976875 0.364219 )
( 6.97687 0.0173437 0.364219 )
( 5.98266 1.01156 -0.63 )
( 5.98266 1.01156 0.364219 )
( 6.97687 1.01156 -0.63 )
( 6.97687 1.01156 0.364219 )
( 5.98266 -0.976875 1.35844 )
( 5.98266 0.0173437 1.35844 )
( 6.97687 0.0173437 1.35844 )
( 5.98266 1.01156 1.35844 )
( 6.97687 1.01156 1.35844 )
( 4.98844 3 -0.63 )
( 4.98844 3 1.35844 )
( 5.98266 2.00578 -0.63 )
( 4.98844 2.00578 -0.63 )
( 5.98266 2.00578 0.364219 )
( 4.98844 2.00578 0.364219 )
( 6.97687 2.00578 -0.63 )
( 6.97687 2.00578 0.364219 )
( 5.98266 3 -0.63 )
( 5.98266 3 0.364219 )
( 4.98844 3 0.364219 )
( 6.97687 3 -0.63 )
( 6.97687 3 0.364219 )
( 5.98266 2.00578 1.35844 )
( 4.98844 2.00578 1.35844 )
( 6.97687 2.00578 1.35844 )
( 5.98266 3 1.35844 )
( 6.97687 3 1.35844 )
( 3.99422 -0.976875 2.35266 )
( 3.99422 0.0173437 2.35266 )
( 4.98844 -0.976875 2.35266 )
( 4.98844 0.0173437 2.35266 )
( 3.99422 1.01156 2.35266 )
( 4.98844 1.01156 2.35266 )
( 3.99422 -0.976875 3.34687 )
( 3.99422 0.0173437 3.34687 )
( 4.98844 0.0173437 3.34687 )
( 3.99422 1.01156 3.34687 )
( 4.98844 1.01156 3.34687 )
( 5.98266 -0.976875 2.35266 )
( 5.98266 0.0173437 2.35266 )
( 6.97687 -0.976875 2.35266 )
( 6.97687 0.0173437 2.35266 )
( 5.98266 1.01156 2.35266 )
( 6.97687 1.01156 2.35266 )
( 5.98266 -0.976875 3.34687 )
( 5.98266 0.0173437 3.34687 )
( 6.97687 0.0173437 3.34687 )
( 5.98266 1.01156 3.34687 )
( 6.97687 1.01156 3.34687 )
( 4.98844 3 3.34687 )
( 5.98266 2.00578 2.35266 )
( 4.98844 2.00578 2.35266 )
( 6.97687 2.00578 2.35266 )
( 5.98266 3 2.35266 )
( 4.98844 3 2.35266 )
( 6.97687 3 2.35266 )
( 5.98266 2.00578 3.34687 )
( 4.98844 2.00578 3.34687 )
( 6.97687 2.00578 3.34687 )
( 5.98266 3 3.34687 )
( 6.97687 3 3.34687 )
( 8.96531 1.01156 -0.63 )
( 8.96531 1.01156 1.35844 )
( 10.9537 1.01156 -0.63 )
( 10.9537 1.01156 1.35844 )
( 8.96531 3 -0.63 )
( 8.96531 3 1.35844 )
( 10.9537 3 -0.63 )
( 10.9537 3 1.35844 )
( 8.96531 1.01156 3.34687 )
( 10.9537 1.01156 3.34687 )
( 8.96531 3 3.34687 )
( 10.9537 3 3.34687 )
( 4.98844 -4.95375 5.33531 )
( 4.98844 -2.96531 5.33531 )
( 6.97687 -4.95375 5.33531 )
( 6.97687 -2.96531 5.33531 )
( 4.98844 -0.976875 5.33531 )
( 6.97687 -0.976875 5.33531 )
( 4.98844 -4.95375 7.32375 )
( 4.98844 -2.96531 7.32375 )
( 6.97687 -4.95375 7.32375 )
( 6.97687 -2.96531 7.32375 )
( 4.98844 -0.976875 7.32375 )
( 6.97687 -0.976875 7.32375 )
( 8.96531 -4.95375 5.33531 )
( 8.96531 -2.96531 5.33531 )
( 10.9537 -4.95375 5.33531 )
( 10.9537 -2.96531 5.33531 )
( 8.96531 -0.976875 5.33531 )
( 10.9537 -0.976875 5.33531 )
( 8.96531 -4.95375 7.32375 )
( 8.96531 -2.96531 7.32375 )
( 10.9537 -2.96531 7.32375 )
( 8.96531 -0.976875 7.32375 )
( 10.9537 -0.976875 7.32375 )
( 3.99422 -0.976875 4.34109 )
( 3.99422 0.0173437 4.34109 )
( 4.98844 -0.976875 4.34109 )
( 4.98844 0.0173437 4.34109 )
( 3.99422 1.01156 4.34109 )
( 4.98844 1.01156 4.34109 )
( 3.99422 -0.976875 5.33531 )
( 3.99422 0.0173437 5.33531 )
( 4.98844 0.0173437 5.33531 )
( 3.99422 1.01156 5.33531 )
( 4.98844 1.01156 5.33531 )
( 5.98266 -0.976875 4.34109 )
( 5.98266 0.0173437 4.34109 )
( 6.97687 -0.976875 4.34109 )
( 6.97687 0.0173437 4.34109 )
( 5.98266 1.01156 4.34109 )
( 6.97687 1.01156 4.34109 )
( 5.98266 -0.976875 5.33531 )
( 5.98266 0.0173437 5.33531 )
( 6.97687 0.0173437 5.33531 )
( 5.98266 1.01156 5.33531 )
( 6.97687 1.01156 5.33531 )
( 4.98844 3 5.33531 )
( 5.98266 2.00578 4.34109 )
( 4.98844 2.00578 4.34109 )
( 6.97687 2.00578 4.34109 )
( 5.98266 3 4.34109 )
( 4.98844 3 4.34109 )
( 6.97687 3 4.34109 )
( 5.98266 2.00578 5.33531 )
( 4.98844 2.00578 5.33531 )
( 6.97687 2.00578 5.33531 )
( 5.98266 3 5.33531 )
( 6.97687 3 5.33531 )
( 3.99422 -0.976875 6.32953 )
( 3.99422 0.0173437 6.32953 )
( 4.98844 -0.976875 6.32953 )
( 4.98844 0.0173437 6.32953 )
( 3.99422 1.01156 6.32953 )
( 4.98844 1.01156 6.32953 )
( 3.99422 -0.976875 7.32375 )
( 3.99422 0.0173437 7.32375 )
( 4.98844 0.0173437 7.32375 )
( 3.99422 1.01156 7.32375 )
( 4.98844 1.01156 7.32375 )
( 5.98266 -0.976875 6.32953 )
( 5.98266 0.0173437 6.32953 )
( 6.97687 -0.976875 6.32953 )
( 6.97687 0.0173437 6.32953 )
( 5.98266 1.01156 6.32953 )
( 6.97687 1.01156 6.32953 )
( 5.98266 -0.976875 7.32375 )
( 5.98266 0.0173437 7.32375 )
( 6.97687 0.0173437 7.32375 )
( 5.98266 1.01156 7.32375 )
( 6.97687 1.01156 7.32375 )
( 4.98844 3 7.32375 )
( 5.98266 2.00578 6.32953 )
( 4.98844 2.00578 6.32953 )
( 6.97687 2.00578 6.32953 )
( 5.98266 3 6.32953 )
( 4.98844 3 6.32953 )
( 6.97687 3 6.32953 )
( 5.98266 2.00578 7.32375 )
( 4.98844 2.00578 7.32375 )
( 6.97687 2.00578 7.32375 )
( 5.98266 3 7.32375 )
( 6.97687 3 7.32375 )
( 8.96531 1.01156 5.33531 )
( 10.9537 1.01156 5.33531 )
( 8.96531 3 5.33531 )
( 10.9537 3 5.33531 )
( 8.96531 1.01156 7.32375 )
( 10.9537 1.01156 7.32375 )
( 8.96531 3 7.32375 )
( 10.9537 3 7.32375 )
( 18.9075 3 -0.63 )
( 18.9075 3 7.32375 )
( 10.9537 -12.9075 15.2775 )
( 10.9537 -4.95375 15.2775 )
( 18.9075 -4.95375 15.2775 )
( 4.98844 -4.95375 9.31219 )
( 4.98844 -2.96531 9.31219 )
( 6.97687 -4.95375 9.31219 )
( 6.97687 -2.96531 9.31219 )
( 4.98844 -0.976875 9.31219 )
( 6.97687 -0.976875 9.31219 )
( 4.98844 -4.95375 11.3006 )
( 4.98844 -2.96531 11.3006 )
( 6.97687 -4.95375 11.3006 )
( 6.97687 -2.96531 11.3006 )
( 4.98844 -0.976875 11.3006 )
( 6.97687 -0.976875 11.3006 )
( 10.9537 -4.95375 11.3006 )
( 10.9537 -0.976875 11.3006 )
( 4.98844 1.01156 9.31219 )
( 6.97687 1.01156 9.31219 )
( 4.98844 3 9.31219 )
( 6.97687 3 9.31219 )
( 4.98844 1.01156 11.3006 )
( 6.97687 1.01156 11.3006 )
( 4.98844 3 11.3006 )
( 6.97687 3 11.3006 )
( 8.96531 -0.976875 9.31219 )
( 8.96531 1.01156 9.31219 )
( 10.9537 -0.976875 9.31219 )
( 10.9537 1.01156 9.31219 )
( 8.96531 3 9.31219 )
( 10.9537 3 9.31219 )
( 8.96531 -0.976875 11.3006 )
( 8.96531 1.01156 11.3006 )
( 10.9537 1.01156 11.3006 )
( 8.96531 3 11.3006 )
( 10.9537 3 11.3006 )
( 6.97687 -4.95375 15.2775 )
( 6.97687 -0.976875 15.2775 )
( 10.9537 -0.976875 15.2775 )
( 6.97687 3 15.2775 )
( 10.9537 3 15.2775 )
( 18.9075 3 15.2775 )
( 34.815 3 -0.63 )
( 34.815 3 15.2775 )
( 18.9075 -28.815 31.185 )
( 18.9075 -12.9075 31.185 )
( 34.815 -12.9075 31.185 )
( 18.9075 3 31.185 )
( 34.815 3 31.185 )
( 66.63 3 -0.63 )
( 66.63 3 31.185 )
( 34.815 -60.63 63 )
( 34.815 -28.815 63 )
( 34.815 -60.63 47.0925 )
( 50.7225 -60.63 47.0925 )
( 50.7225 -44.7225 47.0925 )
( 34.815 -44.7225 47.0925 )
( 50.7225 -60.63 39.1388 )
( 58.6762 -60.63 39.1388 )
( 58.6762 -52.6763 39.1388 )
( 50.7225 -52.6763 39.1388 )
( 66.63 -60.63 39.1388 )
( 66.63 -52.6763 39.1388 )
( 58.6762 -44.7225 39.1388 )
( 50.7225 -44.7225 39.1388 )
( 66.63 -44.7225 39.1388 )
( 58.6762 -60.63 47.0925 )
( 58.6762 -52.6763 47.0925 )
( 50.7225 -52.6763 47.0925 )
( 66.63 -60.63 47.0925 )
( 66.63 -52.6763 47.0925 )
( 58.6762 -44.7225 47.0925 )
( 66.63 -44.7225 47.0925 )
( 50.7225 -28.815 47.0925 )
( 34.815 -28.815 47.0925 )
( 66.63 -28.815 47.0925 )
( 50.7225 -60.63 63 )
( 50.7225 -44.7225 63 )
( 34.815 -44.7225 63 )
( 50.7225 -60.63 55.0463 )
( 58.6762 -60.63 55.0463 )
( 58.6762 -52.6763 55.0463 )
( 50.7225 -52.6763 55.0463 )
( 66.63 -60.63 55.0463 )
( 66.63 -52.6763 55.0463 )
( 58.6762 -44.7225 55.0463 )
( 50.7225 -44.7225 55.0463 )
( 66.63 -44.7225 55.0463 )
( 58.6762 -60.63 63 )
( 58.6762 -52.6763 63 )
( 50.7225 -52.6763 63 )
( 66.63 -60.63 63 )
( 66.63 -52.6763 63 )
( 58.6762 -44.7225 63 )
( 66.63 -44.7225 63 )
( 50.7225 -28.815 63 )
( 66.63 -28.815 63 )
( 34.815 3 63 )
( 66.63 3 63 )
( -52.6763 10.9537 -0.63 )
( -60.63 10.9537 -0.63 )
( -52.6763 10.9537 7.32375 )
( -60.63 10.9537 7.32375 )
( -44.7225 10.9537 -0.63 )
( -44.7225 10.9537 7.32375 )
( -52.6763 18.9075 -0.63 )
( -60.63 18.9075 -0.63 )
( -52.6763 18.9075 7.32375 )
( -60.63 18.9075 7.32375 )
( -44.7225 18.9075 -0.63 )
( -44.7225 18.9075 7.32375 )
( -52.6763 10.9537 15.2775 )
( -60.63 10.9537 15.2775 )
( -44.7225 10.9537 15.2775 )
( -52.6763 18.9075 15.2775 )
( -60.63 18.9075 15.2775 )
( -44.7225 18.9075 15.2775 )
( -28.815 18.9075 -0.63 )
( -28.815 18.9075 15.2775 )
( -52.6763 26.8612 -0.63 )
( -60.63 26.8612 -0.63 )
( -52.6763 26.8612 7.32375 )
( -60.63 26.8612 7.32375 )
( -44.7225 26.8612 -0.63 )
( -44.7225 26.8612 7.32375 )
( -52.6763 34.815 -0.63 )
( -60.63 34.815 -0.63 )
( -52.6763 34.815 7.32375 )
( -60.63 34.815 7.32375 )
( -44.7225 34.815 -0.63 )
( -44.7225 34.815 7.32375 )
( -52.6763 26.8612 15.2775 )
( -60.63 26.8612 15.2775 )
( -44.7225 26.8612 15.2775 )
( -52.6763 34.815 15.2775 )
( -60.63 34.815 15.2775 )
( -44.7225 34.815 15.2775 )
( -28.815 34.815 -0.63 )
( -28.815 34.815 15.2775 )
( -44.7225 18.9075 31.185 )
( -60.63 18.9075 31.185 )
( -28.815 18.9075 31.185 )
( -44.7225 34.815 31.185 )
( -60.63 34.815 31.185 )
( -28.815 34.815 31.185 )
( -12.9075 18.9075 -0.63 )
( -12.9075 18.9075 15.2775 )
( -4.95375 10.9537 -0.63 )
( -12.9075 10.9537 -0.63 )
( -4.95375 10.9537 7.32375 )
( -12.9075 10.9537 7.32375 )
( -2.96531 4.98844 -0.63 )
( -4.95375 4.98844 -0.63 )
( -2.96531 4.98844 1.35844 )
( -4.95375 4.98844 1.35844 )
( -0.976875 4.98844 -0.63 )
( -0.976875 4.98844 1.35844 )
( -2.96531 6.97687 -0.63 )
( -4.95375 6.97687 -0.63 )
( -2.96531 6.97687 1.35844 )
( -4.95375 6.97687 1.35844 )
( -0.976875 6.97687 -0.63 )
( -0.976875 6.97687 1.35844 )
( -2.96531 4.98844 3.34687 )
( -4.95375 4.98844 3.34687 )
( -0.976875 4.98844 3.34687 )
( -2.96531 6.97687 3.34687 )
( -4.95375 6.97687 3.34687 )
( -0.976875 6.97687 3.34687 )
( 0.0173437 3.99422 -0.63 )
( -0.976875 3.99422 -0.63 )
( 0.0173437 3.99422 0.364219 )
( -0.976875 3.99422 0.364219 )
( 1.01156 3.99422 -0.63 )
( 1.01156 3.99422 0.364219 )
( 0.0173437 4.98844 -0.63 )
( 0.0173437 4.98844 0.364219 )
( -0.976875 4.98844 0.364219 )
( 1.01156 4.98844 -0.63 )
( 1.01156 4.98844 0.364219 )
( 0.0173437 3.99422 1.35844 )
( -0.976875 3.99422 1.35844 )
( 1.01156 3.99422 1.35844 )
( 0.0173437 4.98844 1.35844 )
( 1.01156 4.98844 1.35844 )
( 3 4.98844 -0.63 )
( 3 4.98844 1.35844 )
( 0.0173437 5.98266 -0.63 )
( -0.976875 5.98266 -0.63 )
( 0.0173437 5.98266 0.364219 )
( -0.976875 5.98266 0.364219 )
( 1.01156 5.98266 -0.63 )
( 1.01156 5.98266 0.364219 )
( 0.0173437 6.97687 -0.63 )
( 0.0173437 6.97687 0.364219 )
( -0.976875 6.97687 0.364219 )
( 1.01156 6.97687 -0.63 )
( 1.01156 6.97687 0.364219 )
( 0.0173437 5.98266 1.35844 )
( -0.976875 5.98266 1.35844 )
( 1.01156 5.98266 1.35844 )
( 0.0173437 6.97687 1.35844 )
( 1.01156 6.97687 1.35844 )
( 2.00578 4.98844 -0.63 )
( 2.00578 5.98266 -0.63 )
( 2.00578 4.98844 0.364219 )
( 2.00578 5.98266 0.364219 )
( 3 5.98266 -0.63 )
( 3 4.98844 0.364219 )
( 3 5.98266 0.364219 )
( 2.00578 6.97687 -0.63 )
( 2.00578 6.97687 0.364219 )
( 3 6.97687 -0.63 )
( 3 6.97687 0.364219 )
( 2.00578 4.98844 1.35844 )
( 2.00578 5.98266 1.35844 )
( 3 5.98266 1.35844 )
( 2.00578 6.97687 1.35844 )
( 3 6.97687 1.35844 )
( 0.0173437 3.99422 2.35266 )
( -0.976875 3.99422 2.35266 )
( 1.01156 3.99422 2.35266 )
( 0.0173437 4.98844 2.35266 )
( -0.976875 4.98844 2.35266 )
( 1.01156 4.98844 2.35266 )
( 0.0173437 3.99422 3.34687 )
( -0.976875 3.99422 3.34687 )
( 1.01156 3.99422 3.34687 )
( 0.0173437 4.98844 3.34687 )
( 1.01156 4.98844 3.34687 )
( 3 4.98844 3.34687 )
( 0.0173437 5.98266 2.35266 )
( -0.976875 5.98266 2.35266 )
( 1.01156 5.98266 2.35266 )
( 0.0173437 6.97687 2.35266 )
( -0.976875 6.97687 2.35266 )
( 1.01156 6.97687 2.35266 )
( 0.0173437 5.98266 3.34687 )
( -0.976875 5.98266 3.34687 )
( 1.01156 5.98266 3.34687 )
( 0.0173437 6.97687 3.34687 )
( 1.01156 6.97687 3.34687 )
( 2.00578 4.98844 2.35266 )
( 2.00578 5.98266 2.35266 )
( 3 4.98844 2.35266 )
( 3 5.98266 2.35266 )
( 2.00578 6.97687 2.35266 )
( 3 6.97687 2.35266 )
( 2.00578 4.98844 3.34687 )
( 2.00578 5.98266 3.34687 )
( 3 5.98266 3.34687 )
( 2.00578 6.97687 3.34687 )
( 3 6.97687 3.34687 )
( -2.96531 8.96531 -0.63 )
( -4.95375 8.96531 -0.63 )
( -2.96531 8.96531 1.35844 )
( -4.95375 8.96531 1.35844 )
( -0.976875 8.96531 -0.63 )
( -0.976875 8.96531 1.35844 )
( -2.96531 10.9537 -0.63 )
( -2.96531 10.9537 1.35844 )
( -4.95375 10.9537 1.35844 )
( -0.976875 10.9537 -0.63 )
( -0.976875 10.9537 1.35844 )
( -2.96531 8.96531 3.34687 )
( -4.95375 8.96531 3.34687 )
( -0.976875 8.96531 3.34687 )
( -2.96531 10.9537 3.34687 )
( -4.95375 10.9537 3.34687 )
( -0.976875 10.9537 3.34687 )
( 1.01156 8.96531 -0.63 )
( 1.01156 8.96531 1.35844 )
( 3 8.96531 -0.63 )
( 3 8.96531 1.35844 )
( 1.01156 10.9537 -0.63 )
( 1.01156 10.9537 1.35844 )
( 3 10.9537 -0.63 )
( 3 10.9537 1.35844 )
( 1.01156 8.96531 3.34687 )
( 3 8.96531 3.34687 )
( 1.01156 10.9537 3.34687 )
( 3 10.9537 3.34687 )
( -2.96531 4.98844 5.33531 )
( -4.95375 4.98844 5.33531 )
( -0.976875 4.98844 5.33531 )
( -2.96531 6.97687 5.33531 )
( -4.95375 6.97687 5.33531 )
( -0.976875 6.97687 5.33531 )
( -2.96531 4.98844 7.32375 )
( -4.95375 4.98844 7.32375 )
( -0.976875 4.98844 7.32375 )
( -2.96531 6.97687 7.32375 )
( -4.95375 6.97687 7.32375 )
( -0.976875 6.97687 7.32375 )
( 0.0173437 3.99422 4.34109 )
( -0.976875 3.99422 4.34109 )
( 1.01156 3.99422 4.34109 )
( 0.0173437 4.98844 4.34109 )
( -0.976875 4.98844 4.34109 )
( 1.01156 4.98844 4.34109 )
( 0.0173437 3.99422 5.33531 )
( -0.976875 3.99422 5.33531 )
( 1.01156 3.99422 5.33531 )
( 0.0173437 4.98844 5.33531 )
( 1.01156 4.98844 5.33531 )
( 3 4.98844 5.33531 )
( 0.0173437 5.98266 4.34109 )
( -0.976875 5.98266 4.34109 )
( 1.01156 5.98266 4.34109 )
( 0.0173437 6.97687 4.34109 )
( -0.976875 6.97687 4.34109 )
( 1.01156 6.97687 4.34109 )
( 0.0173437 5.98266 5.33531 )
( -0.976875 5.98266 5.33531 )
( 1.01156 5.98266 5.33531 )
( 0.0173437 6.97687 5.33531 )
( 1.01156 6.97687 5.33531 )
( 2.00578 4.98844 4.34109 )
( 2.00578 5.98266 4.34109 )
( 3 4.98844 4.34109 )
( 3 5.98266 4.34109 )
( 2.00578 6.97687 4.34109 )
( 3 6.97687 4.34109 )
( 2.00578 4.98844 5.33531 )
( 2.00578 5.98266 5.33531 )
( 3 5.98266 5.33531 )
( 2.00578 6.97687 5.33531 )
( 3 6.97687 5.33531 )
( 0.0173437 3.99422 6.32953 )
( -0.976875 3.99422 6.32953 )
( 1.01156 3.99422 6.32953 )
( 0.0173437 4.98844 6.32953 )
( -0.976875 4.98844 6.32953 )
( 1.01156 4.98844 6.32953 )
( 0.0173437 3.99422 7.32375 )
( -0.976875 3.99422 7.32375 )
( 1.01156 3.99422 7.32375 )
( 0.0173437 4.98844 7.32375 )
( 1.01156 4.98844 7.32375 )
( 3 4.98844 7.32375 )
( 0.0173437 5.98266 6.32953 )
( -0.976875 5.98266 6.32953 )
( 1.01156 5.98266 6.32953 )
( 0.0173437 6.97687 6.32953 )
( -0.976875 6.97687 6.32953 )
( 1.01156 6.97687 6.32953 )
( 0.0173437 5.98266 7.32375 )
( -0.976875 5.98266 7.32375 )
( 1.01156 5.98266 7.32375 )
( 0.0173437 6.97687 7.32375 )
( 1.01156 6.97687 7.32375 )
( 2.00578 4.98844 6.32953 )
( 2.00578 5.98266 6.32953 )
( 3 4.98844 6.32953 )
( 3 5.98266 6.32953 )
( 2.00578 6.97687 6.32953 )
( 3 6.97687 6.32953 )
( 2.00578 4.98844 7.32375 )
( 2.00578 5.98266 7.32375 )
( 3 5.98266 7.32375 )
( 2.00578 6.97687 7.32375 )
( 3 6.97687 7.32375 )
( -2.96531 8.96531 5.33531 )
( -4.95375 8.96531 5.33531 )
( -0.976875 8.96531 5.33531 )
( -2.96531 10.9537 5.33531 )
( -4.95375 10.9537 5.33531 )
( -0.976875 10.9537 5.33531 )
( -2.96531 8.96531 7.32375 )
( -4.95375 8.96531 7.32375 )
( -0.976875 8.96531 7.32375 )
( -2.96531 10.9537 7.32375 )
( -0.976875 10.9537 7.32375 )
( 1.01156 8.96531 5.33531 )
( 3 8.96531 5.33531 )
( 1.01156 10.9537 5.33531 )
( 3 10.9537 5.33531 )
( 1.01156 8.96531 7.32375 )
( 3 8.96531 7.32375 )
( 1.01156 10.9537 7.32375 )
( 3 10.9537 7.32375 )
( -4.95375 18.9075 -0.63 )
( -4.95375 18.9075 7.32375 )
( -12.9075 18.9075 7.32375 )
( 3 18.9075 -0.63 )
( 3 18.9075 7.32375 )
( -4.95375 10.9537 15.2775 )
( -12.9075 10.9537 15.2775 )
( -2.96531 4.98844 9.31219 )
( -4.95375 4.98844 9.31219 )
( -0.976875 4.98844 9.31219 )
( -2.96531 6.97687 9.31219 )
( -4.95375 6.97687 9.31219 )
( -0.976875 6.97687 9.31219 )
( -2.96531 4.98844 11.3006 )
( -4.95375 4.98844 11.3006 )
( -0.976875 4.98844 11.3006 )
( -2.96531 6.97687 11.3006 )
( -4.95375 6.97687 11.3006 )
( -0.976875 6.97687 11.3006 )
( 1.01156 4.98844 9.31219 )
( 3 4.98844 9.31219 )
( 1.01156 6.97687 9.31219 )
( 3 6.97687 9.31219 )
( 1.01156 4.98844 11.3006 )
( 3 4.98844 11.3006 )
( 1.01156 6.97687 11.3006 )
( 3 6.97687 11.3006 )
( -0.976875 10.9537 11.3006 )
( -4.95375 10.9537 11.3006 )
( 1.01156 8.96531 9.31219 )
( -0.976875 8.96531 9.31219 )
( 3 8.96531 9.31219 )
( 1.01156 10.9537 9.31219 )
( -0.976875 10.9537 9.31219 )
( 3 10.9537 9.31219 )
( 1.01156 8.96531 11.3006 )
( -0.976875 8.96531 11.3006 )
( 3 8.96531 11.3006 )
( 1.01156 10.9537 11.3006 )
( 3 10.9537 11.3006 )
( -0.976875 6.97687 15.2775 )
( -4.95375 6.97687 15.2775 )
( 3 6.97687 15.2775 )
( -0.976875 10.9537 15.2775 )
( 3 10.9537 15.2775 )
( -4.95375 18.9075 15.2775 )
( 3 18.9075 15.2775 )
( -12.9075 34.815 -0.63 )
( -12.9075 34.815 15.2775 )
( 3 34.815 -0.63 )
( 3 34.815 15.2775 )
( -12.9075 18.9075 31.185 )
( 3 18.9075 31.185 )
( -12.9075 34.815 31.185 )
( 3 34.815 31.185 )
( -52.6763 42.7687 -0.63 )
( -60.63 42.7687 -0.63 )
( -52.6763 42.7687 7.32375 )
( -60.63 42.7687 7.32375 )
( -44.7225 42.7687 -0.63 )
( -44.7225 42.7687 7.32375 )
( -52.6763 50.7225 -0.63 )
( -60.63 50.7225 -0.63 )
( -52.6763 50.7225 7.32375 )
( -60.63 50.7225 7.32375 )
( -44.7225 50.7225 -0.63 )
( -44.7225 50.7225 7.32375 )
( -52.6763 42.7687 15.2775 )
( -60.63 42.7687 15.2775 )
( -44.7225 42.7687 15.2775 )
( -52.6763 50.7225 15.2775 )
( -60.63 50.7225 15.2775 )
( -44.7225 50.7225 15.2775 )
( -28.815 50.7225 -0.63 )
( -28.815 50.7225 15.2775 )
( -52.6763 58.6762 -0.63 )
( -60.63 58.6762 -0.63 )
( -52.6763 58.6762 7.32375 )
( -60.63 58.6762 7.32375 )
( -44.7225 58.6762 -0.63 )
( -44.7225 58.6762 7.32375 )
( -52.6763 66.63 -0.63 )
( -60.63 66.63 -0.63 )
( -52.6763 66.63 7.32375 )
( -60.63 66.63 7.32375 )
( -44.7225 66.63 -0.63 )
( -44.7225 66.63 7.32375 )
( -52.6763 58.6762 15.2775 )
( -60.63 58.6762 15.2775 )
( -44.7225 58.6762 15.2775 )
( -52.6763 66.63 15.2775 )
( -60.63 66.63 15.2775 )
( -44.7225 66.63 15.2775 )
( -36.7688 50.7225 -0.63 )
( -36.7688 58.6762 -0.63 )
( -36.7688 50.7225 7.32375 )
( -36.7688 58.6762 7.32375 )
( -28.815 58.6762 -0.63 )
( -28.815 50.7225 7.32375 )
( -28.815 58.6762 7.32375 )
( -36.7688 66.63 -0.63 )
( -36.7688 66.63 7.32375 )
( -28.815 66.63 -0.63 )
( -28.815 66.63 7.32375 )
( -36.7688 50.7225 15.2775 )
( -36.7688 58.6762 15.2775 )
( -28.815 58.6762 15.2775 )
( -36.7688 66.63 15.2775 )
( -28.815 66.63 15.2775 )
( -44.7225 50.7225 31.185 )
( -60.63 50.7225 31.185 )
( -28.815 50.7225 31.185 )
( -60.63 50.7225 23.2312 )
( -52.6763 50.7225 23.2312 )
( -52.6763 58.6762 23.2312 )
( -60.63 58.6762 23.2312 )
( -44.7225 50.7225 23.2312 )
( -44.7225 58.6762 23.2312 )
( -52.6763 66.63 23.2312 )
( -60.63 66.63 23.2312 )
( -44.7225 66.63 23.2312 )
( -52.6763 50.7225 31.185 )
( -52.6763 58.6762 31.185 )
( -60.63 58.6762 31.185 )
( -44.7225 58.6762 31.185 )
( -52.6763 66.63 31.185 )
( -60.63 66.63 31.185 )
( -44.7225 66.63 31.185 )
( -28.815 66.63 31.185 )
( -12.9075 50.7225 -0.63 )
( -12.9075 50.7225 15.2775 )
( 3 50.7225 -0.63 )
( 3 50.7225 15.2775 )
( -20.8613 50.7225 -0.63 )
( -20.8613 58.6762 -0.63 )
( -20.8613 50.7225 7.32375 )
( -20.8613 58.6762 7.32375 )
( -12.9075 58.6762 -0.63 )
( -12.9075 50.7225 7.32375 )
( -12.9075 58.6762 7.32375 )
( -20.8613 66.63 -0.63 )
( -20.8613 66.63 7.32375 )
( -12.9075 66.63 -0.63 )
( -12.9075 66.63 7.32375 )
( -20.8613 50.7225 15.2775 )
( -20.8613 58.6762 15.2775 )
( -12.9075 58.6762 15.2775 )
( -20.8613 66.63 15.2775 )
( -12.9075 66.63 15.2775 )
( -4.95375 50.7225 -0.63 )
( -4.95375 58.6762 -0.63 )
( -4.95375 50.7225 7.32375 )
( -4.95375 58.6762 7.32375 )
( 3 58.6762 -0.63 )
( 3 50.7225 7.32375 )
( 3 58.6762 7.32375 )
( -4.95375 66.63 -0.63 )
( -4.95375 66.63 7.32375 )
( 3 66.63 -0.63 )
( 3 66.63 7.32375 )
( -4.95375 50.7225 15.2775 )
( -4.95375 58.6762 15.2775 )
( 3 58.6762 15.2775 )
( -4.95375 66.63 15.2775 )
( 3 66.63 15.2775 )
( -12.9075 50.7225 31.185 )
( 3 50.7225 31.185 )
( -12.9075 66.63 31.185 )
( 3 66.63 31.185 )
( -28.815 34.815 63 )
( -60.63 34.815 63 )
( 3 34.815 63 )
( -60.63 34.815 47.0925 )
( -44.7225 34.815 47.0925 )
( -44.7225 50.7225 47.0925 )
( -60.63 50.7225 47.0925 )
( -28.815 34.815 47.0925 )
( -28.815 50.7225 47.0925 )
( -60.63 50.7225 39.1388 )
( -52.6763 50.7225 39.1388 )
( -52.6763 58.6762 39.1388 )
( -60.63 58.6762 39.1388 )
( -44.7225 50.7225 39.1388 )
( -44.7225 58.6762 39.1388 )
( -52.6763 66.63 39.1388 )
( -60.63 66.63 39.1388 )
( -44.7225 66.63 39.1388 )
( -52.6763 50.7225 47.0925 )
( -52.6763 58.6762 47.0925 )
( -60.63 58.6762 47.0925 )
( -44.7225 58.6762 47.0925 )
( -52.6763 66.63 47.0925 )
( -60.63 66.63 47.0925 )
( -44.7225 66.63 47.0925 )
( -28.815 66.63 47.0925 )
( -44.7225 34.815 63 )
( -44.7225 50.7225 63 )
( -60.63 50.7225 63 )
( -28.815 50.7225 63 )
( -60.63 50.7225 55.0463 )
( -52.6763 50.7225 55.0463 )
( -52.6763 58.6762 55.0463 )
( -60.63 58.6762 55.0463 )
( -44.7225 50.7225 55.0463 )
( -44.7225 58.6762 55.0463 )
( -52.6763 66.63 55.0463 )
( -60.63 66.63 55.0463 )
( -44.7225 66.63 55.0463 )
( -52.6763 50.7225 63 )
( -52.6763 58.6762 63 )
( -60.63 58.6762 63 )
( -44.7225 58.6762 63 )
( -52.6763 66.63 63 )
( -60.63 66.63 63 )
( -44.7225 66.63 63 )
( -28.815 66.63 63 )
( 3 66.63 63 )
( 4.98844 4.98844 -0.63 )
( 4.98844 4.98844 1.35844 )
( 5.98266 3.99422 -0.63 )
( 4.98844 3.99422 -0.63 )
( 5.98266 3.99422 0.364219 )
( 4.98844 3.99422 0.364219 )
( 6.97687 3.99422 -0.63 )
( 6.97687 3.99422 0.364219 )
( 5.98266 4.98844 -0.63 )
( 5.98266 4.98844 0.364219 )
( 4.98844 4.98844 0.364219 )
( 6.97687 4.98844 -0.63 )
( 6.97687 4.98844 0.364219 )
( 5.98266 3.99422 1.35844 )
( 4.98844 3.99422 1.35844 )
( 6.97687 3.99422 1.35844 )
( 5.98266 4.98844 1.35844 )
( 6.97687 4.98844 1.35844 )
( 3.99422 4.98844 -0.63 )
( 3.99422 5.98266 -0.63 )
( 3.99422 4.98844 0.364219 )
( 3.99422 5.98266 0.364219 )
( 4.98844 5.98266 -0.63 )
( 4.98844 5.98266 0.364219 )
( 3.99422 6.97687 -0.63 )
( 3.99422 6.97687 0.364219 )
( 4.98844 6.97687 -0.63 )
( 4.98844 6.97687 0.364219 )
( 3.99422 4.98844 1.35844 )
( 3.99422 5.98266 1.35844 )
( 4.98844 5.98266 1.35844 )
( 3.99422 6.97687 1.35844 )
( 4.98844 6.97687 1.35844 )
( 5.98266 5.98266 -0.63 )
( 5.98266 5.98266 0.364219 )
( 6.97687 5.98266 -0.63 )
( 6.97687 5.98266 0.364219 )
( 5.98266 6.97687 -0.63 )
( 5.98266 6.97687 0.364219 )
( 6.97687 6.97687 -0.63 )
( 6.97687 6.97687 0.364219 )
( 5.98266 5.98266 1.35844 )
( 6.97687 5.98266 1.35844 )
( 5.98266 6.97687 1.35844 )
( 6.97687 6.97687 1.35844 )
( 4.98844 4.98844 3.34687 )
( 5.98266 3.99422 2.35266 )
( 4.98844 3.99422 2.35266 )
( 6.97687 3.99422 2.35266 )
( 5.98266 4.98844 2.35266 )
( 4.98844 4.98844 2.35266 )
( 6.97687 4.98844 2.35266 )
( 5.98266 3.99422 3.34687 )
( 4.98844 3.99422 3.34687 )
( 6.97687 3.99422 3.34687 )
( 5.98266 4.98844 3.34687 )
( 6.97687 4.98844 3.34687 )
( 3.99422 4.98844 2.35266 )
( 3.99422 5.98266 2.35266 )
( 4.98844 5.98266 2.35266 )
( 3.99422 6.97687 2.35266 )
( 4.98844 6.97687 2.35266 )
( 3.99422 4.98844 3.34687 )
( 3.99422 5.98266 3.34687 )
( 4.98844 5.98266 3.34687 )
( 3.99422 6.97687 3.34687 )
( 4.98844 6.97687 3.34687 )
( 5.98266 5.98266 2.35266 )
( 6.97687 5.98266 2.35266 )
( 5.98266 6.97687 2.35266 )
( 6.97687 6.97687 2.35266 )
( 5.98266 5.98266 3.34687 )
( 6.97687 5.98266 3.34687 )
( 5.98266 6.97687 3.34687 )
( 6.97687 6.97687 3.34687 )
( 8.96531 4.98844 -0.63 )
( 8.96531 4.98844 1.35844 )
( 10.9537 4.98844 -0.63 )
( 10.9537 4.98844 1.35844 )
( 8.96531 6.97687 -0.63 )
( 8.96531 6.97687 1.35844 )
( 10.9537 6.97687 -0.63 )
( 10.9537 6.97687 1.35844 )
( 8.96531 4.98844 3.34687 )
( 10.9537 4.98844 3.34687 )
( 8.96531 6.97687 3.34687 )
( 10.9537 6.97687 3.34687 )
( 4.98844 8.96531 -0.63 )
( 4.98844 8.96531 1.35844 )
( 6.97687 8.96531 -0.63 )
( 6.97687 8.96531 1.35844 )
( 4.98844 10.9537 -0.63 )
( 4.98844 10.9537 1.35844 )
( 6.97687 10.9537 -0.63 )
( 6.97687 10.9537 1.35844 )
( 4.98844 8.96531 3.34687 )
( 6.97687 8.96531 3.34687 )
( 4.98844 10.9537 3.34687 )
( 6.97687 10.9537 3.34687 )
( 8.96531 8.96531 -0.63 )
( 8.96531 8.96531 1.35844 )
( 10.9537 8.96531 -0.63 )
( 10.9537 8.96531 1.35844 )
( 8.96531 10.9537 -0.63 )
( 8.96531 10.9537 1.35844 )
( 10.9537 10.9537 -0.63 )
( 10.9537 10.9537 1.35844 )
( 8.96531 8.96531 3.34687 )
( 10.9537 8.96531 3.34687 )
( 8.96531 10.9537 3.34687 )
( 10.9537 10.9537 3.34687 )
( 4.98844 4.98844 5.33531 )
( 5.98266 3.99422 4.34109 )
( 4.98844 3.99422 4.34109 )
( 6.97687 3.99422 4.34109 )
( 5.98266 4.98844 4.34109 )
( 4.98844 4.98844 4.34109 )
( 6.97687 4.98844 4.34109 )
( 5.98266 3.99422 5.33531 )
( 4.98844 3.99422 5.33531 )
( 6.97687 3.99422 5.33531 )
( 5.98266 4.98844 5.33531 )
( 6.97687 4.98844 5.33531 )
( 3.99422 4.98844 4.34109 )
( 3.99422 5.98266 4.34109 )
( 4.98844 5.98266 4.34109 )
( 3.99422 6.97687 4.34109 )
( 4.98844 6.97687 4.34109 )
( 3.99422 4.98844 5.33531 )
( 3.99422 5.98266 5.33531 )
( 4.98844 5.98266 5.33531 )
( 3.99422 6.97687 5.33531 )
( 4.98844 6.97687 5.33531 )
( 5.98266 5.98266 4.34109 )
( 6.97687 5.98266 4.34109 )
( 5.98266 6.97687 4.34109 )
( 6.97687 6.97687 4.34109 )
( 5.98266 5.98266 5.33531 )
( 6.97687 5.98266 5.33531 )
( 5.98266 6.97687 5.33531 )
( 6.97687 6.97687 5.33531 )
( 4.98844 4.98844 7.32375 )
( 5.98266 3.99422 6.32953 )
( 4.98844 3.99422 6.32953 )
( 6.97687 3.99422 6.32953 )
( 5.98266 4.98844 6.32953 )
( 4.98844 4.98844 6.32953 )
( 6.97687 4.98844 6.32953 )
( 5.98266 3.99422 7.32375 )
( 4.98844 3.99422 7.32375 )
( 6.97687 3.99422 7.32375 )
( 5.98266 4.98844 7.32375 )
( 6.97687 4.98844 7.32375 )
( 3.99422 4.98844 6.32953 )
( 3.99422 5.98266 6.32953 )
( 4.98844 5.98266 6.32953 )
( 3.99422 6.97687 6.32953 )
( 4.98844 6.97687 6.32953 )
( 3.99422 4.98844 7.32375 )
( 3.99422 5.98266 7.32375 )
( 4.98844 5.98266 7.32375 )
( 3.99422 6.97687 7.32375 )
( 4.98844 6.97687 7.32375 )
( 5.98266 5.98266 6.32953 )
( 6.97687 5.98266 6.32953 )
( 5.98266 6.97687 6.32953 )
( 6.97687 6.97687 6.32953 )
( 5.98266 5.98266 7.32375 )
( 6.97687 5.98266 7.32375 )
( 5.98266 6.97687 7.32375 )
( 6.97687 6.97687 7.32375 )
( 8.96531 4.98844 5.33531 )
( 10.9537 4.98844 5.33531 )
( 8.96531 6.97687 5.33531 )
( 10.9537 6.97687 5.33531 )
( 8.96531 4.98844 7.32375 )
( 10.9537 4.98844 7.32375 )
( 8.96531 6.97687 7.32375 )
( 10.9537 6.97687 7.32375 )
( 4.98844 8.96531 5.33531 )
( 6.97687 8.96531 5.33531 )
( 4.98844 10.9537 5.33531 )
( 6.97687 10.9537 5.33531 )
( 4.98844 8.96531 7.32375 )
( 6.97687 8.96531 7.32375 )
( 4.98844 10.9537 7.32375 )
( 6.97687 10.9537 7.32375 )
( 8.96531 8.96531 5.33531 )
( 10.9537 8.96531 5.33531 )
( 8.96531 10.9537 5.33531 )
( 10.9537 10.9537 5.33531 )
( 8.96531 8.96531 7.32375 )
( 10.9537 8.96531 7.32375 )
( 8.96531 10.9537 7.32375 )
( 10.9537 10.9537 7.32375 )
( 18.9075 10.9537 -0.63 )
( 18.9075 10.9537 7.32375 )
( 10.9537 18.9075 -0.63 )
( 10.9537 18.9075 7.32375 )
( 18.9075 18.9075 -0.63 )
( 18.9075 18.9075 7.32375 )
( 4.98844 4.98844 9.31219 )
( 6.97687 4.98844 9.31219 )
( 4.98844 6.97687 9.31219 )
( 6.97687 6.97687 9.31219 )
( 4.98844 4.98844 11.3006 )
( 6.97687 4.98844 11.3006 )
( 4.98844 6.97687 11.3006 )
( 6.97687 6.97687 11.3006 )
( 8.96531 4.98844 9.31219 )
( 10.9537 4.98844 9.31219 )
( 8.96531 6.97687 9.31219 )
( 10.9537 6.97687 9.31219 )
( 8.96531 4.98844 11.3006 )
( 10.9537 4.98844 11.3006 )
( 8.96531 6.97687 11.3006 )
( 10.9537 6.97687 11.3006 )
( 4.98844 8.96531 9.31219 )
( 6.97687 8.96531 9.31219 )
( 4.98844 10.9537 9.31219 )
( 6.97687 10.9537 9.31219 )
( 4.98844 8.96531 11.3006 )
( 6.97687 8.96531 11.3006 )
( 4.98844 10.9537 11.3006 )
( 6.97687 10.9537 11.3006 )
( 10.9537 10.9537 11.3006 )
( 6.97687 6.97687 15.2775 )
( 10.9537 6.97687 15.2775 )
( 6.97687 10.9537 15.2775 )
( 10.9537 10.9537 15.2775 )
( 18.9075 10.9537 15.2775 )
( 10.9537 18.9075 15.2775 )
( 18.9075 18.9075 15.2775 )
( 34.815 18.9075 -0.63 )
( 34.815 18.9075 15.2775 )
( 18.9075 34.815 -0.63 )
( 18.9075 34.815 15.2775 )
( 34.815 34.815 -0.63 )
( 34.815 34.815 15.2775 )
( 18.9075 18.9075 31.185 )
( 34.815 18.9075 31.185 )
( 18.9075 34.815 31.185 )
( 34.815 34.815 31.185 )
( 66.63 34.815 -0.63 )
( 66.63 34.815 31.185 )
( 18.9075 50.7225 -0.63 )
( 18.9075 50.7225 15.2775 )
( 34.815 50.7225 -0.63 )
( 34.815 50.7225 15.2775 )
( 10.9537 50.7225 -0.63 )
( 10.9537 58.6762 -0.63 )
( 10.9537 50.7225 7.32375 )
( 10.9537 58.6762 7.32375 )
( 18.9075 58.6762 -0.63 )
( 18.9075 50.7225 7.32375 )
( 18.9075 58.6762 7.32375 )
( 10.9537 66.63 -0.63 )
( 10.9537 66.63 7.32375 )
( 18.9075 66.63 -0.63 )
( 18.9075 66.63 7.32375 )
( 10.9537 50.7225 15.2775 )
( 10.9537 58.6762 15.2775 )
( 18.9075 58.6762 15.2775 )
( 10.9537 66.63 15.2775 )
( 18.9075 66.63 15.2775 )
( 26.8612 50.7225 -0.63 )
( 26.8612 58.6762 -0.63 )
( 26.8612 50.7225 7.32375 )
( 26.8612 58.6762 7.32375 )
( 34.815 58.6762 -0.63 )
( 34.815 50.7225 7.32375 )
( 34.815 58.6762 7.32375 )
( 26.8612 66.63 -0.63 )
( 26.8612 66.63 7.32375 )
( 34.815 66.63 -0.63 )
( 34.815 66.63 7.32375 )
( 26.8612 50.7225 15.2775 )
( 26.8612 58.6762 15.2775 )
( 34.815 58.6762 15.2775 )
( 26.8612 66.63 15.2775 )
( 34.815 66.63 15.2775 )
( 18.9075 50.7225 31.185 )
( 34.815 50.7225 31.185 )
( 18.9075 66.63 31.185 )
( 34.815 66.63 31.185 )
( 50.7225 34.815 -0.63 )
( 50.7225 50.7225 -0.63 )
( 50.7225 34.815 15.2775 )
( 50.7225 50.7225 15.2775 )
( 66.63 50.7225 -0.63 )
( 66.63 34.815 15.2775 )
( 66.63 50.7225 15.2775 )
( 42.7687 50.7225 -0.63 )
( 42.7687 58.6762 -0.63 )
( 42.7687 50.7225 7.32375 )
( 42.7687 58.6762 7.32375 )
( 50.7225 58.6762 -0.63 )
( 50.7225 50.7225 7.32375 )
( 50.7225 58.6762 7.32375 )
( 42.7687 66.63 -0.63 )
( 42.7687 66.63 7.32375 )
( 50.7225 66.63 -0.63 )
( 50.7225 66.63 7.32375 )
( 42.7687 50.7225 15.2775 )
( 42.7687 58.6762 15.2775 )
( 50.7225 58.6762 15.2775 )
( 42.7687 66.63 15.2775 )
( 50.7225 66.63 15.2775 )
( 58.6762 50.7225 -0.63 )
( 58.6762 58.6762 -0.63 )
( 58.6762 50.7225 7.32375 )
( 58.6762 58.6762 7.32375 )
( 66.63 58.6762 -0.63 )
( 66.63 50.7225 7.32375 )
( 66.63 58.6762 7.32375 )
( 58.6762 66.63 -0.63 )
( 58.6762 66.63 7.32375 )
( 66.63 66.63 -0.63 )
( 66.63 66.63 7.32375 )
( 58.6762 50.7225 15.2775 )
( 58.6762 58.6762 15.2775 )
( 66.63 58.6762 15.2775 )
( 58.6762 66.63 15.2775 )
( 66.63 66.63 15.2775 )
( 50.7225 34.815 31.185 )
( 50.7225 50.7225 31.185 )
( 66.63 50.7225 31.185 )
( 50.7225 66.63 31.185 )
( 50.7225 50.7225 23.2312 )
( 58.6762 50.7225 23.2312 )
( 58.6762 58.6762 23.2312 )
( 50.7225 58.6762 23.2312 )
( 66.63 50.7225 23.2312 )
( 66.63 58.6762 23.2312 )
( 58.6762 66.63 23.2312 )
( 50.7225 66.63 23.2312 )
( 66.63 66.63 23.2312 )
( 58.6762 50.7225 31.185 )
( 58.6762 58.6762 31.185 )
( 50.7225 58.6762 31.185 )
( 66.63 58.6762 31.185 )
( 58.6762 66.63 31.185 )
( 66.63 66.63 31.185 )
( 34.815 34.815 63 )
( 66.63 34.815 63 )
( 34.815 66.63 63 )
( 34.815 34.815 47.0925 )
( 50.7225 34.815 47.0925 )
( 50.7225 50.7225 47.0925 )
( 34.815 50.7225 47.0925 )
( 66.63 34.815 47.0925 )
( 66.63 50.7225 47.0925 )
( 50.7225 66.63 47.0925 )
( 34.815 66.63 47.0925 )
( 50.7225 50.7225 39.1388 )
( 58.6762 50.7225 39.1388 )
( 58.6762 58.6762 39.1388 )
( 50.7225 58.6762 39.1388 )
( 66.63 50.7225 39.1388 )
( 66.63 58.6762 39.1388 )
( 58.6762 66.63 39.1388 )
( 50.7225 66.63 39.1388 )
( 66.63 66.63 39.1388 )
( 58.6762 50.7225 47.0925 )
( 58.6762 58.6762 47.0925 )
( 50.7225 58.6762 47.0925 )
( 66.63 58.6762 47.0925 )
( 58.6762 66.63 47.0925 )
( 66.63 66.63 47.0925 )
( 50.7225 34.815 63 )
( 50.7225 50.7225 63 )
( 34.815 50.7225 63 )
( 66.63 50.7225 63 )
( 50.7225 66.63 63 )
( 50.7225 50.7225 55.0463 )
( 58.6762 50.7225 55.0463 )
( 58.6762 58.6762 55.0463 )
( 50.7225 58.6762 55.0463 )
( 66.63 50.7225 55.0463 )
( 66.63 58.6762 55.0463 )
( 58.6762 66.63 55.0463 )
( 50.7225 66.63 55.0463 )
( 66.63 66.63 55.0463 )
( 58.6762 50.7225 63 )
( 58.6762 58.6762 63 )
( 50.7225 58.6762 63 )
( 66.63 58.6762 63 )
( 58.6762 66.63 63 )
( 66.63 66.63 63 )
( -60.63 -60.63 70.9537 )
( -52.6763 -60.63 70.9537 )
( -52.6763 -52.6763 70.9537 )
( -60.63 -52.6763 70.9537 )
( -44.7225 -60.63 70.9537 )
( -44.7225 -52.6763 70.9537 )
( -52.6763 -44.7225 70.9537 )
( -60.63 -44.7225 70.9537 )
( -44.7225 -44.7225 70.9537 )
( -60.63 -60.63 78.9075 )
( -52.6763 -60.63 78.9075 )
( -52.6763 -52.6763 78.9075 )
( -60.63 -52.6763 78.9075 )
( -44.7225 -60.63 78.9075 )
( -44.7225 -52.6763 78.9075 )
( -52.6763 -44.7225 78.9075 )
( -60.63 -44.7225 78.9075 )
( -44.7225 -44.7225 78.9075 )
( -28.815 -60.63 78.9075 )
( -28.815 -44.7225 78.9075 )
( -44.7225 -28.815 78.9075 )
( -60.63 -28.815 78.9075 )
( -28.815 -28.815 78.9075 )
( -60.63 -60.63 86.8612 )
( -52.6763 -60.63 86.8612 )
( -52.6763 -52.6763 86.8612 )
( -60.63 -52.6763 86.8612 )
( -44.7225 -60.63 86.8612 )
( -44.7225 -52.6763 86.8612 )
( -52.6763 -44.7225 86.8612 )
( -60.63 -44.7225 86.8612 )
( -44.7225 -44.7225 86.8612 )
( -60.63 -60.63 94.815 )
( -52.6763 -60.63 94.815 )
( -52.6763 -52.6763 94.815 )
( -60.63 -52.6763 94.815 )
( -44.7225 -60.63 94.815 )
( -44.7225 -52.6763 94.815 )
( -52.6763 -44.7225 94.815 )
( -60.63 -44.7225 94.815 )
( -44.7225 -44.7225 94.815 )
( -28.815 -60.63 94.815 )
( -28.815 -44.7225 94.815 )
( -44.7225 -28.815 94.815 )
( -60.63 -28.815 94.815 )
( -28.815 -28.815 94.815 )
( 3 -60.63 94.815 )
( 3 -28.815 94.815 )
( -28.815 3 94.815 )
( -60.63 3 94.815 )
( 3 3 94.815 )
( -60.63 -60.63 102.769 )
( -52.6763 -60.63 102.769 )
( -52.6763 -52.6763 102.769 )
( -60.63 -52.6763 102.769 )
( -44.7225 -60.63 102.769 )
( -44.7225 -52.6763 102.769 )
( -52.6763 -44.7225 102.769 )
( -60.63 -44.7225 102.769 )
( -44.7225 -44.7225 102.769 )
( -60.63 -60.63 110.723 )
( -52.6763 -60.63 110.723 )
( -52.6763 -52.6763 110.723 )
( -60.63 -52.6763 110.723 )
( -44.7225 -60.63 110.723 )
( -44.7225 -52.6763 110.723 )
( -52.6763 -44.7225 110.723 )
( -60.63 -44.7225 110.723 )
( -44.7225 -44.7225 110.723 )
( -28.815 -60.63 110.722 )
( -28.815 -44.7225 110.722 )
( -44.7225 -28.815 110.722 )
( -60.63 -28.815 110.722 )
( -28.815 -28.815 110.722 )
( -60.63 -60.63 118.676 )
( -52.6763 -60.63 118.676 )
( -52.6763 -52.6763 118.676 )
( -60.63 -52.6763 118.676 )
( -44.7225 -60.63 118.676 )
( -44.7225 -52.6763 118.676 )
( -52.6763 -44.7225 118.676 )
( -60.63 -44.7225 118.676 )
( -44.7225 -44.7225 118.676 )
( -60.63 -60.63 126.63 )
( -52.6763 -60.63 126.63 )
( -52.6763 -52.6763 126.63 )
( -60.63 -52.6763 126.63 )
( -44.7225 -60.63 126.63 )
( -44.7225 -52.6763 126.63 )
( -52.6763 -44.7225 126.63 )
( -60.63 -44.7225 126.63 )
( -44.7225 -44.7225 126.63 )
( -28.815 -60.63 126.63 )
( -28.815 -44.7225 126.63 )
( -52.6763 -36.7688 110.722 )
( -60.63 -36.7688 110.722 )
( -52.6763 -36.7688 118.676 )
( -60.63 -36.7688 118.676 )
( -44.7225 -36.7688 110.722 )
( -44.7225 -36.7688 118.676 )
( -52.6763 -28.815 110.722 )
( -52.6763 -28.815 118.676 )
( -60.63 -28.815 118.676 )
( -44.7225 -28.815 118.676 )
( -52.6763 -36.7688 126.63 )
( -60.63 -36.7688 126.63 )
( -44.7225 -36.7688 126.63 )
( -52.6763 -28.815 126.63 )
( -60.63 -28.815 126.63 )
( -44.7225 -28.815 126.63 )
( -28.815 -28.815 126.63 )
( 3 -60.63 126.63 )
( 3 -28.815 126.63 )
( -44.7225 -12.9075 94.815 )
( -60.63 -12.9075 94.815 )
( -44.7225 -12.9075 110.722 )
( -60.63 -12.9075 110.722 )
( -28.815 -12.9075 94.815 )
( -28.815 -12.9075 110.722 )
( -44.7225 3 94.815 )
( -44.7225 3 110.722 )
( -60.63 3 110.722 )
( -28.815 3 110.722 )
( -52.6763 -20.8613 110.722 )
( -60.63 -20.8613 110.722 )
( -52.6763 -20.8613 118.676 )
( -60.63 -20.8613 118.676 )
( -44.7225 -20.8613 110.722 )
( -44.7225 -20.8613 118.676 )
( -52.6763 -12.9075 110.722 )
( -52.6763 -12.9075 118.676 )
( -60.63 -12.9075 118.676 )
( -44.7225 -12.9075 118.676 )
( -52.6763 -20.8613 126.63 )
( -60.63 -20.8613 126.63 )
( -44.7225 -20.8613 126.63 )
( -52.6763 -12.9075 126.63 )
( -60.63 -12.9075 126.63 )
( -44.7225 -12.9075 126.63 )
( -28.815 -12.9075 126.63 )
( -52.6763 -4.95375 110.722 )
( -60.63 -4.95375 110.722 )
( -52.6763 -4.95375 118.676 )
( -60.63 -4.95375 118.676 )
( -44.7225 -4.95375 110.722 )
( -44.7225 -4.95375 118.676 )
( -52.6763 3 110.722 )
( -52.6763 3 118.676 )
( -60.63 3 118.676 )
( -44.7225 3 118.676 )
( -52.6763 -4.95375 126.63 )
( -60.63 -4.95375 126.63 )
( -44.7225 -4.95375 126.63 )
( -52.6763 3 126.63 )
( -60.63 3 126.63 )
( -44.7225 3 126.63 )
( -28.815 3 126.63 )
( 3 3 126.63 )
( 34.815 -60.63 94.815 )
( 34.815 -28.815 94.815 )
( 34.815 -60.63 78.9075 )
( 50.7225 -60.63 78.9075 )
( 50.7225 -44.7225 78.9075 )
( 34.815 -44.7225 78.9075 )
( 50.7225 -60.63 70.9537 )
( 58.6762 -60.63 70.9537 )
( 58.6762 -52.6763 70.9537 )
( 50.7225 -52.6763 70.9537 )
( 66.63 -60.63 70.9537 )
( 66.63 -52.6763 70.9537 )
( 58.6762 -44.7225 70.9537 )
( 50.7225 -44.7225 70.9537 )
( 66.63 -44.7225 70.9537 )
( 58.6762 -60.63 78.9075 )
( 58.6762 -52.6763 78.9075 )
( 50.7225 -52.6763 78.9075 )
( 66.63 -60.63 78.9075 )
( 66.63 -52.6763 78.9075 )
( 58.6762 -44.7225 78.9075 )
( 66.63 -44.7225 78.9075 )
( 50.7225 -28.815 78.9075 )
( 34.815 -28.815 78.9075 )
( 66.63 -28.815 78.9075 )
( 50.7225 -60.63 94.815 )
( 50.7225 -44.7225 94.815 )
( 34.815 -44.7225 94.815 )
( 50.7225 -60.63 86.8612 )
( 58.6762 -60.63 86.8612 )
( 58.6762 -52.6763 86.8612 )
( 50.7225 -52.6763 86.8612 )
( 66.63 -60.63 86.8612 )
( 66.63 -52.6763 86.8612 )
( 58.6762 -44.7225 86.8612 )
( 50.7225 -44.7225 86.8612 )
( 66.63 -44.7225 86.8612 )
( 58.6762 -60.63 94.815 )
( 58.6762 -52.6763 94.815 )
( 50.7225 -52.6763 94.815 )
( 66.63 -60.63 94.815 )
( 66.63 -52.6763 94.815 )
( 58.6762 -44.7225 94.815 )
( 66.63 -44.7225 94.815 )
( 50.7225 -28.815 94.815 )
( 66.63 -28.815 94.815 )
( 34.815 3 94.815 )
( 66.63 3 94.815 )
( 34.815 -60.63 126.63 )
( 34.815 -28.815 126.63 )
( 34.815 -60.63 110.722 )
( 50.7225 -60.63 110.722 )
( 50.7225 -44.7225 110.722 )
( 34.815 -44.7225 110.722 )
( 50.7225 -60.63 102.769 )
( 58.6762 -60.63 102.769 )
( 58.6762 -52.6763 102.769 )
( 50.7225 -52.6763 102.769 )
( 66.63 -60.63 102.769 )
( 66.63 -52.6763 102.769 )
( 58.6762 -44.7225 102.769 )
( 50.7225 -44.7225 102.769 )
( 66.63 -44.7225 102.769 )
( 58.6762 -60.63 110.723 )
( 58.6762 -52.6763 110.723 )
( 50.7225 -52.6763 110.723 )
( 66.63 -60.63 110.723 )
( 66.63 -52.6763 110.723 )
( 58.6762 -44.7225 110.723 )
( 66.63 -44.7225 110.723 )
( 50.7225 -28.815 110.722 )
( 34.815 -28.815 110.722 )
( 66.63 -28.815 110.722 )
( 50.7225 -60.63 126.63 )
( 50.7225 -44.7225 126.63 )
( 34.815 -44.7225 126.63 )
( 50.7225 -60.63 118.676 )
( 58.6762 -60.63 118.676 )
( 58.6762 -52.6763 118.676 )
( 50.7225 -52.6763 118.676 )
( 66.63 -60.63 118.676 )
( 66.63 -52.6763 118.676 )
( 58.6762 -44.7225 118.676 )
( 50.7225 -44.7225 118.676 )
( 66.63 -44.7225 118.676 )
( 58.6762 -60.63 126.63 )
( 58.6762 -52.6763 126.63 )
( 50.7225 -52.6763 126.63 )
( 66.63 -60.63 126.63 )
( 66.63 -52.6763 126.63 )
( 58.6762 -44.7225 126.63 )
( 66.63 -44.7225 126.63 )
( 50.7225 -28.815 126.63 )
( 66.63 -28.815 126.63 )
( 34.815 3 126.63 )
( 66.63 3 126.63 )
( -28.815 34.815 94.815 )
( -60.63 34.815 94.815 )
( 3 34.815 94.815 )
( -60.63 34.815 78.9075 )
( -44.7225 34.815 78.9075 )
( -44.7225 50.7225 78.9075 )
( -60.63 50.7225 78.9075 )
( -28.815 34.815 78.9075 )
( -28.815 50.7225 78.9075 )
( -60.63 50.7225 70.9537 )
( -52.6763 50.7225 70.9537 )
( -52.6763 58.6762 70.9537 )
( -60.63 58.6762 70.9537 )
( -44.7225 50.7225 70.9537 )
( -44.7225 58.6762 70.9537 )
( -52.6763 66.63 70.9537 )
( -60.63 66.63 70.9537 )
( -44.7225 66.63 70.9537 )
( -52.6763 50.7225 78.9075 )
( -52.6763 58.6762 78.9075 )
( -60.63 58.6762 78.9075 )
( -44.7225 58.6762 78.9075 )
( -52.6763 66.63 78.9075 )
( -60.63 66.63 78.9075 )
( -44.7225 66.63 78.9075 )
( -28.815 66.63 78.9075 )
( -44.7225 34.815 94.815 )
( -44.7225 50.7225 94.815 )
( -60.63 50.7225 94.815 )
( -28.815 50.7225 94.815 )
( -60.63 50.7225 86.8612 )
( -52.6763 50.7225 86.8612 )
( -52.6763 58.6762 86.8612 )
( -60.63 58.6762 86.8612 )
( -44.7225 50.7225 86.8612 )
( -44.7225 58.6762 86.8612 )
( -52.6763 66.63 86.8612 )
( -60.63 66.63 86.8612 )
( -44.7225 66.63 86.8612 )
( -52.6763 50.7225 94.815 )
( -52.6763 58.6762 94.815 )
( -60.63 58.6762 94.815 )
( -44.7225 58.6762 94.815 )
( -52.6763 66.63 94.815 )
( -60.63 66.63 94.815 )
( -44.7225 66.63 94.815 )
( -28.815 66.63 94.815 )
( 3 66.63 94.815 )
( -44.7225 18.9075 94.815 )
( -60.63 18.9075 94.815 )
( -44.7225 18.9075 110.722 )
( -60.63 18.9075 110.722 )
( -28.815 18.9075 94.815 )
( -28.815 18.9075 110.722 )
( -44.7225 34.815 110.722 )
( -60.63 34.815 110.722 )
( -28.815 34.815 110.722 )
( -52.6763 10.9537 110.722 )
( -60.63 10.9537 110.722 )
( -52.6763 10.9537 118.676 )
( -60.63 10.9537 118.676 )
( -44.7225 10.9537 110.722 )
( -44.7225 10.9537 118.676 )
( -52.6763 18.9075 110.722 )
( -52.6763 18.9075 118.676 )
( -60.63 18.9075 118.676 )
( -44.7225 18.9075 118.676 )
( -52.6763 10.9537 126.63 )
( -60.63 10.9537 126.63 )
( -44.7225 10.9537 126.63 )
( -52.6763 18.9075 126.63 )
( -60.63 18.9075 126.63 )
( -44.7225 18.9075 126.63 )
( -28.815 18.9075 126.63 )
( -52.6763 26.8612 110.722 )
( -60.63 26.8612 110.722 )
( -52.6763 26.8612 118.676 )
( -60.63 26.8612 118.676 )
( -44.7225 26.8612 110.722 )
( -44.7225 26.8612 118.676 )
( -52.6763 34.815 110.722 )
( -52.6763 34.815 118.676 )
( -60.63 34.815 118.676 )
( -44.7225 34.815 118.676 )
( -52.6763 26.8612 126.63 )
( -60.63 26.8612 126.63 )
( -44.7225 26.8612 126.63 )
( -52.6763 34.815 126.63 )
( -60.63 34.815 126.63 )
( -44.7225 34.815 126.63 )
( -28.815 34.815 126.63 )
( 3 34.815 126.63 )
( -44.7225 50.7225 110.722 )
( -60.63 50.7225 110.722 )
( -28.815 50.7225 110.722 )
( -60.63 50.7225 102.769 )
( -52.6763 50.7225 102.769 )
( -52.6763 58.6762 102.769 )
( -60.63 58.6762 102.769 )
( -44.7225 50.7225 102.769 )
( -44.7225 58.6762 102.769 )
( -52.6763 66.63 102.769 )
( -60.63 66.63 102.769 )
( -44.7225 66.63 102.769 )
( -52.6763 50.7225 110.723 )
( -52.6763 58.6762 110.723 )
( -60.63 58.6762 110.723 )
( -44.7225 58.6762 110.723 )
( -52.6763 66.63 110.723 )
( -60.63 66.63 110.723 )
( -44.7225 66.63 110.723 )
( -28.815 66.63 110.722 )
( -52.6763 42.7687 110.722 )
( -60.63 42.7687 110.722 )
( -52.6763 42.7687 118.676 )
( -60.63 42.7687 118.676 )
( -44.7225 42.7687 110.722 )
( -44.7225 42.7687 118.676 )
( -52.6763 50.7225 118.676 )
( -60.63 50.7225 118.676 )
( -44.7225 50.7225 118.676 )
( -52.6763 42.7687 126.63 )
( -60.63 42.7687 126.63 )
( -44.7225 42.7687 126.63 )
( -52.6763 50.7225 126.63 )
( -60.63 50.7225 126.63 )
( -44.7225 50.7225 126.63 )
( -28.815 50.7225 126.63 )
( -52.6763 58.6762 118.676 )
( -60.63 58.6762 118.676 )
( -44.7225 58.6762 118.676 )
( -52.6763 66.63 118.676 )
( -60.63 66.63 118.676 )
( -44.7225 66.63 118.676 )
( -52.6763 58.6762 126.63 )
( -60.63 58.6762 126.63 )
( -44.7225 58.6762 126.63 )
( -52.6763 66.63 126.63 )
( -60.63 66.63 126.63 )
( -44.7225 66.63 126.63 )
( -36.7688 50.7225 110.722 )
( -36.7688 58.6762 110.722 )
( -36.7688 50.7225 118.676 )
( -36.7688 58.6762 118.676 )
( -28.815 58.6762 110.722 )
( -28.815 50.7225 118.676 )
( -28.815 58.6762 118.676 )
( -36.7688 66.63 110.722 )
( -36.7688 66.63 118.676 )
( -28.815 66.63 118.676 )
( -36.7688 50.7225 126.63 )
( -36.7688 58.6762 126.63 )
( -28.815 58.6762 126.63 )
( -36.7688 66.63 126.63 )
( -28.815 66.63 126.63 )
( -12.9075 34.815 94.815 )
( -12.9075 50.7225 94.815 )
( -12.9075 34.815 110.722 )
( -12.9075 50.7225 110.722 )
( 3 50.7225 94.815 )
( 3 34.815 110.722 )
( 3 50.7225 110.722 )
( -12.9075 66.63 94.815 )
( -12.9075 66.63 110.722 )
( 3 66.63 110.722 )
( -12.9075 34.815 126.63 )
( -12.9075 50.7225 126.63 )
( 3 50.7225 126.63 )
( -20.8613 50.7225 110.722 )
( -20.8613 58.6762 110.722 )
( -20.8613 50.7225 118.676 )
( -20.8613 58.6762 118.676 )
( -12.9075 58.6762 110.722 )
( -12.9075 50.7225 118.676 )
( -12.9075 58.6762 118.676 )
( -20.8613 66.63 110.722 )
( -20.8613 66.63 118.676 )
( -12.9075 66.63 118.676 )
( -20.8613 50.7225 126.63 )
( -20.8613 58.6762 126.63 )
( -12.9075 58.6762 126.63 )
( -20.8613 66.63 126.63 )
( -12.9075 66.63 126.63 )
( -4.95375 50.7225 110.722 )
( -4.95375 58.6762 110.722 )
( -4.95375 50.7225 118.676 )
( -4.95375 58.6762 118.676 )
( 3 58.6762 110.722 )
( 3 50.7225 118.676 )
( 3 58.6762 118.676 )
( -4.95375 66.63 110.722 )
( -4.95375 66.63 118.676 )
( 3 66.63 118.676 )
( -4.95375 50.7225 126.63 )
( -4.95375 58.6762 126.63 )
( 3 58.6762 126.63 )
( -4.95375 66.63 126.63 )
( 3 66.63 126.63 )
( 34.815 34.815 94.815 )
( 66.63 34.815 94.815 )
( 34.815 66.63 94.815 )
( 34.815 34.815 78.9075 )
( 50.7225 34.815 78.9075 )
( 50.7225 50.7225 78.9075 )
( 34.815 50.7225 78.9075 )
( 66.63 34.815 78.9075 )
( 66.63 50.7225 78.9075 )
( 50.7225 66.63 78.9075 )
( 34.815 66.63 78.9075 )
( 50.7225 50.7225 70.9537 )
( 58.6762 50.7225 70.9537 )
( 58.6762 58.6762 70.9537 )
( 50.7225 58.6762 70.9537 )
( 66.63 50.7225 70.9537 )
( 66.63 58.6762 70.9537 )
( 58.6762 66.63 70.9537 )
( 50.7225 66.63 70.9537 )
( 66.63 66.63 70.9537 )
( 58.6762 50.7225 78.9075 )
( 58.6762 58.6762 78.9075 )
( 50.7225 58.6762 78.9075 )
( 66.63 58.6762 78.9075 )
( 58.6762 66.63 78.9075 )
( 66.63 66.63 78.9075 )
( 50.7225 34.815 94.815 )
( 50.7225 50.7225 94.815 )
( 34.815 50.7225 94.815 )
( 66.63 50.7225 94.815 )
( 50.7225 66.63 94.815 )
( 50.7225 50.7225 86.8612 )
( 58.6762 50.7225 86.8612 )
( 58.6762 58.6762 86.8612 )
( 50.7225 58.6762 86.8612 )
( 66.63 50.7225 86.8612 )
( 66.63 58.6762 86.8612 )
( 58.6762 66.63 86.8612 )
( 50.7225 66.63 86.8612 )
( 66.63 66.63 86.8612 )
( 58.6762 50.7225 94.815 )
( 58.6762 58.6762 94.815 )
( 50.7225 58.6762 94.815 )
( 66.63 58.6762 94.815 )
( 58.6762 66.63 94.815 )
( 66.63 66.63 94.815 )
( 34.815 34.815 126.63 )
( 66.63 34.815 126.63 )
( 18.9075 34.815 94.815 )
( 18.9075 50.7225 94.815 )
( 18.9075 34.815 110.722 )
( 18.9075 50.7225 110.722 )
( 34.815 34.815 110.722 )
( 34.815 50.7225 110.722 )
( 18.9075 66.63 94.815 )
( 18.9075 66.63 110.722 )
( 34.815 66.63 110.722 )
( 18.9075 34.815 126.63 )
( 18.9075 50.7225 126.63 )
( 34.815 50.7225 126.63 )
( 10.9537 50.7225 110.722 )
( 10.9537 58.6762 110.722 )
( 10.9537 50.7225 118.676 )
( 10.9537 58.6762 118.676 )
( 18.9075 58.6762 110.722 )
( 18.9075 50.7225 118.676 )
( 18.9075 58.6762 118.676 )
( 10.9537 66.63 110.722 )
( 10.9537 66.63 118.676 )
( 18.9075 66.63 118.676 )
( 10.9537 50.7225 126.63 )
( 10.9537 58.6762 126.63 )
( 18.9075 58.6762 126.63 )
( 10.9537 66.63 126.63 )
( 18.9075 66.63 126.63 )
( 26.8612 50.7225 110.722 )
( 26.8612 58.6762 110.722 )
( 26.8612 50.7225 118.676 )
( 26.8612 58.6762 118.676 )
( 34.815 58.6762 110.722 )
( 34.815 50.7225 118.676 )
( 34.815 58.6762 118.676 )
( 26.8612 66.63 110.722 )
( 26.8612 66.63 118.676 )
( 34.815 66.63 118.676 )
( 26.8612 50.7225 126.63 )
( 26.8612 58.6762 126.63 )
( 34.815 58.6762 126.63 )
( 26.8612 66.63 126.63 )
( 34.815 66.63 126.63 )
( 50.7225 34.815 110.722 )
( 50.7225 50.7225 110.722 )
( 66.63 34.815 110.722 )
( 66.63 50.7225 110.722 )
( 50.7225 66.63 110.722 )
( 50.7225 50.7225 102.769 )
( 58.6762 50.7225 102.769 )
( 58.6762 58.6762 102.769 )
( 50.7225 58.6762 102.769 )
( 66.63 50.7225 102.769 )
( 66.63 58.6762 102.769 )
( 58.6762 66.63 102.769 )
( 50.7225 66.63 102.769 )
( 66.63 66.63 102.769 )
( 58.6762 50.7225 110.723 )
( 58.6762 58.6762 110.723 )
( 50.7225 58.6762 110.723 )
( 66.63 58.6762 110.723 )
( 58.6762 66.63 110.723 )
( 66.63 66.63 110.723 )
( 50.7225 34.815 126.63 )
( 50.7225 50.7225 126.63 )
( 66.63 50.7225 126.63 )
( 42.7687 50.7225 110.722 )
( 42.7687 58.6762 110.722 )
( 42.7687 50.7225 118.676 )
( 42.7687 58.6762 118.676 )
( 50.7225 50.7225 118.676 )
( 50.7225 58.6762 118.676 )
( 42.7687 66.63 110.722 )
( 42.7687 66.63 118.676 )
( 50.7225 66.63 118.676 )
( 42.7687 50.7225 126.63 )
( 42.7687 58.6762 126.63 )
( 50.7225 58.6762 126.63 )
( 42.7687 66.63 126.63 )
( 50.7225 66.63 126.63 )
( 58.6762 50.7225 118.676 )
( 58.6762 58.6762 118.676 )
( 66.63 50.7225 118.676 )
( 66.63 58.6762 118.676 )
( 58.6762 66.63 118.676 )
( 66.63 66.63 118.676 )
( 58.6762 50.7225 126.63 )
( 58.6762 58.6762 126.63 )
( 66.63 58.6762 126.63 )
( 58.6762 66.63 126.63 )
( 66.63 66.63 126.63 )
)
