/*--------------------------------*- C++ -*----------------------------------*\
| =========                 |                                                 |
| \\      /  F ield         | OpenFOAM: The Open Source CFD Toolbox           |
|  \\    /   O peration     | Version:  5.x                                   |
|   \\  /    A nd           | Web:      www.OpenFOAM.org                      |
|    \\/     M anipulation  |                                                 |
\*---------------------------------------------------------------------------*/
/*   Windows 32 and 64 bit porting by blueCAPE: http://www.bluecape.com.pt   *\
|  Based on Windows porting (2.0.x v4) by Symscape: http://www.symscape.com   |
\*---------------------------------------------------------------------------*/
FoamFile
{
    version     2.0;
    format      ascii;
    class       faceSet;
    location    "constant/polyMesh/sets";
    object      upperTriangularFace;
}
// * * * * * * * * * * * * * * * * * * * * * * * * * * * * * * * * * * * * * //


1507
(
3 
7 
9 
2061 
4110 
15 
4112 
2065 
2067 
24 
2073 
30 
4127 
34 
4132 
36 
2088 
4137 
2090 
42 
46 
49 
4147 
51 
4148 
4149 
4150 
4152 
2105 
4153 
57 
4154 
4155 
2109 
61 
2111 
63 
2117 
69 
2126 
78 
2127 
2128 
4176 
2129 
4177 
4178 
4179 
4181 
4182 
2135 
4183 
4184 
90 
2139 
2141 
94 
95 
96 
97 
2147 
99 
100 
101 
102 
2151 
103 
2154 
2156 
108 
4205 
2157 
2158 
2159 
4209 
114 
4211 
115 
116 
2165 
117 
2166 
118 
2167 
2168 
4217 
123 
127 
129 
4226 
2180 
2181 
4230 
2182 
2183 
135 
4232 
2187 
2189 
4238 
2190 
2191 
2192 
144 
145 
4242 
146 
147 
4244 
2198 
2199 
2200 
2201 
153 
4250 
157 
159 
4259 
2213 
165 
2214 
2215 
2216 
169 
4268 
2220 
172 
2222 
174 
2223 
175 
4272 
2224 
176 
2225 
177 
4273 
4274 
4275 
4276 
4277 
2231 
183 
2232 
2233 
2234 
4283 
187 
189 
190 
4287 
191 
2240 
192 
4289 
2241 
193 
2242 
2243 
198 
4295 
2249 
2250 
202 
2251 
2252 
204 
4304 
2256 
2258 
210 
2259 
4308 
2260 
2261 
4309 
4310 
4311 
4312 
4313 
2267 
2268 
2269 
2270 
222 
4319 
226 
4323 
227 
2276 
228 
4325 
2277 
229 
2278 
2279 
231 
232 
233 
4330 
234 
235 
2284 
4336 
240 
4341 
2293 
246 
2295 
247 
248 
4345 
249 
250 
4347 
2301 
255 
4352 
2304 
256 
257 
258 
2307 
2309 
2310 
262 
4360 
264 
2313 
265 
266 
2315 
267 
2316 
4364 
4365 
4366 
4367 
4368 
2320 
273 
4372 
4373 
277 
4374 
279 
4375 
280 
4376 
4377 
2329 
281 
282 
2331 
283 
4383 
288 
4387 
292 
4389 
294 
2343 
2345 
4394 
2346 
300 
2351 
4400 
4405 
2357 
312 
4409 
2361 
4411 
2363 
316 
317 
318 
319 
4416 
2369 
321 
322 
323 
324 
2373 
325 
2376 
4426 
330 
4427 
4428 
2381 
4429 
334 
335 
336 
4432 
2385 
337 
4433 
4434 
2387 
4435 
339 
2388 
340 
341 
342 
343 
2393 
4444 
348 
2397 
349 
4446 
350 
2399 
351 
2400 
355 
2405 
357 
2406 
358 
2407 
359 
2408 
360 
4459 
2412 
4461 
2414 
366 
2415 
367 
4463 
2416 
368 
4464 
2417 
369 
4465 
4466 
373 
2423 
375 
2424 
376 
2425 
377 
2426 
378 
4475 
379 
4477 
2432 
384 
2433 
2434 
2435 
388 
390 
2440 
396 
4495 
4497 
2449 
2451 
4499 
4500 
4501 
4502 
4504 
408 
2457 
4505 
4506 
4507 
2460 
412 
413 
414 
2463 
415 
2465 
417 
2466 
418 
419 
4516 
420 
2469 
421 
4518 
2471 
2472 
426 
2477 
430 
431 
432 
2481 
433 
4531 
2483 
435 
436 
4533 
437 
438 
439 
4535 
4536 
2489 
4537 
4538 
444 
445 
446 
447 
4546 
2498 
2499 
451 
4548 
2500 
2501 
453 
2502 
454 
455 
456 
2507 
462 
2511 
463 
464 
2513 
465 
4563 
4564 
4565 
469 
4566 
2519 
471 
4567 
472 
4568 
473 
4569 
474 
4570 
4571 
475 
4575 
4576 
480 
4577 
4578 
482 
2531 
4580 
2535 
2537 
4586 
2538 
493 
4591 
2543 
497 
4596 
2549 
501 
505 
4603 
2555 
4606 
510 
2559 
4607 
4608 
512 
2561 
4609 
4611 
2567 
4617 
523 
4622 
527 
4627 
2579 
531 
2583 
535 
2585 
2586 
4636 
540 
4637 
4638 
2591 
4639 
4640 
544 
546 
4643 
4644 
2597 
4645 
4646 
4647 
552 
4651 
2603 
4652 
4653 
4654 
2607 
4655 
4656 
2609 
564 
4662 
2615 
568 
569 
4666 
570 
2619 
571 
4668 
573 
2622 
574 
575 
576 
4673 
577 
2627 
582 
4679 
2631 
2633 
2634 
586 
587 
4684 
588 
589 
2639 
591 
4688 
592 
593 
4690 
594 
2643 
595 
2645 
2646 
4695 
600 
601 
602 
2651 
603 
2652 
2653 
2654 
4703 
607 
4704 
609 
4705 
2658 
610 
4706 
611 
4707 
2660 
612 
4709 
4710 
4711 
4712 
4713 
2666 
618 
4714 
619 
4715 
620 
4716 
4717 
621 
625 
4723 
627 
628 
629 
2678 
630 
631 
4728 
2682 
2684 
636 
4733 
638 
2690 
4740 
4741 
4742 
4743 
4744 
649 
4748 
653 
2702 
4752 
657 
4754 
2706 
2708 
2709 
661 
4759 
2714 
666 
4765 
4766 
670 
4767 
2720 
4768 
672 
4769 
2723 
2724 
4773 
2725 
2726 
678 
2727 
4778 
2732 
4782 
2736 
2738 
690 
2739 
4789 
694 
2744 
696 
697 
4794 
2748 
4798 
2750 
702 
2751 
2756 
708 
4805 
4809 
2762 
4810 
714 
4811 
4812 
4813 
2765 
2766 
4814 
718 
2767 
4815 
2768 
4816 
720 
4817 
4819 
4820 
4821 
2774 
4822 
726 
4823 
4824 
4825 
2778 
4826 
730 
4827 
2780 
2781 
733 
4831 
735 
2786 
738 
739 
4836 
740 
741 
742 
743 
4840 
2792 
744 
745 
2798 
750 
4847 
2802 
754 
4852 
2804 
756 
757 
758 
759 
4856 
760 
2810 
765 
2814 
4863 
4864 
2817 
4865 
4866 
771 
4868 
4869 
2822 
4870 
4871 
4872 
4873 
777 
2826 
4874 
4875 
2828 
2829 
781 
783 
4879 
784 
4880 
785 
4881 
2834 
786 
4882 
4884 
4885 
2838 
4886 
4887 
2840 
792 
2841 
796 
2846 
799 
801 
2850 
802 
803 
2852 
804 
805 
806 
807 
808 
2858 
4908 
4909 
813 
4910 
4911 
4913 
817 
4914 
4915 
819 
4916 
820 
2870 
825 
2874 
2876 
2877 
831 
2882 
837 
4935 
2888 
4936 
4937 
841 
4938 
2891 
4939 
843 
2892 
4940 
2893 
4941 
2894 
4942 
849 
4946 
2900 
853 
4950 
4951 
2904 
4952 
856 
4953 
4954 
2906 
2907 
4955 
4956 
4957 
861 
4958 
2912 
4960 
4961 
865 
4962 
4963 
867 
4964 
4965 
2918 
4966 
4967 
4968 
873 
4972 
2924 
877 
879 
2928 
4977 
2930 
4981 
885 
2936 
889 
891 
4988 
894 
895 
896 
4993 
2945 
897 
2946 
898 
2947 
899 
2948 
900 
4997 
2949 
901 
2954 
906 
5004 
5005 
5006 
910 
2959 
5007 
912 
5009 
913 
5010 
5011 
2964 
5012 
5013 
5014 
918 
5015 
5016 
924 
2974 
930 
2979 
934 
2984 
936 
5034 
5035 
5036 
2989 
5037 
5038 
942 
5039 
2992 
5040 
2993 
5041 
2994 
946 
2995 
5045 
2997 
949 
5050 
954 
3003 
5054 
958 
3008 
960 
3013 
966 
970 
972 
3023 
3024 
3025 
3026 
978 
3028 
3029 
3030 
982 
3031 
3032 
984 
3037 
990 
3042 
3047 
999 
1003 
1005 
3057 
1011 
3062 
1015 
1017 
3067 
1023 
3072 
3077 
1032 
3082 
3087 
3091 
1044 
3093 
1048 
1050 
3099 
1051 
1056 
1062 
3111 
3115 
1068 
3117 
3118 
1072 
1074 
3123 
1080 
3129 
3133 
3134 
3135 
3136 
3138 
1092 
3144 
1096 
1098 
3149 
1104 
3154 
3161 
3164 
1116 
3165 
3166 
3167 
1120 
3169 
1121 
1122 
1123 
1125 
1126 
3175 
1127 
1128 
1129 
3180 
1134 
3185 
1138 
1139 
1140 
1141 
1146 
1147 
1148 
3197 
1149 
3202 
1158 
3207 
1160 
3214 
3217 
3218 
3220 
1173 
3223 
1175 
1177 
1178 
3227 
1179 
1180 
3229 
3233 
3236 
1189 
3238 
1191 
3242 
3244 
3247 
3251 
3253 
3256 
3259 
1211 
3260 
3262 
1215 
1216 
3265 
1217 
1218 
1220 
3269 
1221 
1222 
3271 
1223 
1224 
1229 
3280 
1233 
1234 
1235 
3284 
1236 
3286 
3289 
1244 
1248 
1250 
1251 
3301 
1256 
3305 
3307 
3308 
1262 
3313 
1268 
3319 
1272 
1273 
1274 
1275 
3325 
1277 
1278 
1279 
1280 
3329 
1281 
3331 
1286 
3337 
1290 
1291 
1292 
3341 
1293 
3344 
1296 
1297 
1298 
1299 
3349 
1304 
3353 
3355 
1308 
1310 
1311 
3361 
1316 
3365 
3367 
3370 
1322 
3373 
3374 
3376 
1328 
3379 
1332 
1333 
1334 
3383 
1335 
3385 
1337 
1338 
1339 
1340 
3389 
1341 
3392 
3394 
1346 
3398 
1350 
1351 
3400 
1352 
1353 
3403 
1356 
1357 
1358 
3407 
1359 
3409 
1364 
3412 
3413 
3414 
3415 
1368 
3416 
3417 
1370 
3418 
1371 
3419 
3424 
1376 
3428 
3430 
1382 
3431 
1387 
3436 
3442 
1395 
1398 
1399 
3448 
1403 
3452 
3454 
1406 
1409 
3460 
1412 
1415 
1418 
1423 
3472 
3476 
3478 
1431 
1434 
1435 
3484 
1439 
1442 
1445 
3496 
1448 
1451 
3500 
3502 
3503 
1455 
3508 
1460 
1464 
3514 
1466 
3520 
1472 
3524 
1476 
3526 
1478 
3532 
1484 
1488 
1489 
1490 
1491 
1493 
1494 
1495 
3544 
1496 
1497 
3548 
3550 
1502 
1506 
1507 
3556 
1508 
1509 
1512 
1513 
1514 
1515 
3568 
1520 
3572 
1524 
3574 
1526 
3575 
1527 
3580 
1532 
3586 
1538 
1543 
3592 
3596 
3598 
1551 
1554 
1555 
3604 
1559 
3608 
1562 
3611 
1565 
3616 
1568 
1571 
3620 
3622 
1574 
3628 
1580 
3632 
1584 
3634 
1586 
3640 
1592 
3644 
3646 
3652 
1604 
1608 
1610 
1611 
3664 
1616 
3668 
3670 
1622 
3671 
1625 
1626 
1627 
3676 
1628 
1629 
3682 
1634 
1638 
3688 
1640 
3692 
3694 
1646 
1650 
3700 
1653 
3704 
1658 
3707 
3709 
1662 
1664 
3715 
1670 
1674 
1677 
3727 
1682 
3731 
3733 
3734 
1686 
1688 
3739 
1694 
3745 
1698 
1700 
3751 
1706 
3755 
3757 
1710 
1711 
1712 
1713 
3763 
1715 
1721 
3778 
1730 
1731 
1732 
1733 
3782 
1734 
3784 
3785 
1739 
3790 
1743 
1745 
3796 
1751 
3802 
3806 
3808 
1760 
1761 
1762 
1763 
1764 
3814 
1769 
3818 
3821 
1773 
1775 
3826 
1781 
3830 
3832 
1785 
1788 
3838 
1793 
3842 
3844 
1797 
1799 
3850 
1805 
3854 
3856 
1809 
1811 
3862 
1817 
1821 
1824 
3874 
1829 
3878 
3880 
3881 
1833 
1835 
3886 
1841 
3892 
1845 
1848 
3898 
1853 
3902 
3904 
1857 
1859 
3910 
1865 
1869 
1871 
1877 
3928 
1881 
3930 
1883 
1889 
3943 
3944 
3945 
1898 
3946 
1899 
3948 
1900 
1901 
3949 
1902 
3950 
3951 
3952 
1907 
3957 
1911 
1913 
3962 
3967 
1919 
1923 
1926 
3977 
1931 
3982 
1935 
1937 
3987 
1943 
3992 
1947 
3997 
1950 
4005 
1958 
4006 
4007 
1960 
4008 
4010 
4011 
4012 
4013 
1968 
4018 
1970 
4023 
1975 
1979 
4028 
1981 
1987 
1996 
1997 
1998 
1999 
4054 
4055 
2008 
4056 
4057 
2010 
4059 
4060 
4061 
4062 
2023 
2025 
2027 
2028 
2029 
2030 
4083 
4087 
2039 
4089 
2041 
4095 
)

// ************************************************************************* //
